Date,District Name,Today’s Positives,Total Positives,Today’s Discharges,Total Discharges,Total Active Cases,Today’s Reported Covid Deaths,Total Covid Deaths,Death due to Non- Covid reasons
2020-07-01,Bidar,8,615,23,500,94,0,21,0
2020-07-02,Bidar,32,647,0,500,126,0,21,0
2020-07-03,Bidar,28,675,0,500,153,1,22,0
2020-07-04,Bidar,51,726,12,512,186,6,28,0
2020-07-05,Bidar,29,755,20,532,186,9,37,0
2020-07-06,Bidar,44,799,29,561,194,7,44,0
2020-07-07,Bidar,51,850,0,561,241,4,48,0
2020-07-08,Bidar,29,879,1,562,268,1,49,0
2020-07-10,Bidar,19,913,0,562,299,3,52,0
2020-07-11,Bidar,63,976,29,591,332,1,53,0
2020-07-12,Bidar,62,1038,21,612,373,0,53,0
2020-07-13,Bidar,23,1061,0,612,396,0,53,0
2020-07-14,Bidar,42,1103,0,612,438,0,51,2
2020-07-15,Bidar,35,1138,55,667,418,0,51,2
2020-07-16,Bidar,53,1191,3,670,466,2,53,2
2020-07-17,Bidar,69,1260,44,714,491,0,53,2
2020-07-19,Bidar,45,1377,19,733,585,3,57,2
2020-07-20,Bidar,26,1403,77,810,530,4,61,2
2020-07-21,Bidar,66,1469,25,835,569,2,63,2
2020-07-22,Bidar,77,1546,186,1021,457,3,66,2
2020-07-23,Bidar,94,1640,0,1021,548,3,69,2
2020-07-24,Bidar,87,1727,150,1171,485,0,67,4
2020-07-25,Bidar,62,1789,25,1196,522,0,67,4
2020-07-26,Bidar,77,1866,32,1228,567,0,67,4
2020-07-27,Bidar,42,1908,80,1308,528,1,68,4
2020-07-28,Bidar,39,1947,49,1357,516,2,70,4
2020-07-29,Bidar,91,2038,0,1357,606,1,71,4
2020-07-30,Bidar,69,2107,44,1401,629,2,73,4
2020-07-31,Bidar,104,2211,74,1474,658,2,75,4
2020-08-01,Bidar,52,2263,61,1535,645,4,79,4
2020-08-02,Bidar,135,2398,45,1580,735,0,79,4
2020-08-03,Bidar,50,2448,90,1670,692,3,82,4
2020-08-04,Bidar,114,2562,22,1692,781,3,85,4
2020-08-05,Bidar,52,2614,14,1706,817,2,87,4
2020-08-06,Bidar,98,2712,97,1803,815,3,90,4
2020-08-07,Bidar,84,2796,29,1832,869,1,91,4
2020-08-08,Bidar,47,2843,18,1850,896,2,93,4
2020-08-09,Bidar,70,2913,44,1894,918,4,97,4
2020-08-10,Bidar,28,2941,46,1940,899,1,98,4
2020-08-11,Bidar,73,3014,127,2067,843,2,100,4
2020-08-12,Bidar,91,3105,115,2182,816,3,103,4
2020-08-13,Bidar,143,3248,106,2288,853,0,103,4
2020-08-14,Bidar,97,3345,76,2364,873,1,104,4
2020-08-15,Bidar,113,3458,70,2434,913,3,107,4
2020-08-16,Bidar,119,3577,73,2507,958,1,108,4
2020-08-17,Bidar,72,3649,9,2516,1021,0,108,4
2020-08-18,Bidar,99,3748,55,2571,1057,8,116,4
2020-08-19,Bidar,43,3791,151,2722,946,3,119,4
2020-08-20,Bidar,85,3876,107,2829,924,0,119,4
2020-08-21,Bidar,73,3949,172,3001,821,4,123,4
2020-08-22,Bidar,82,4031,144,3145,755,4,127,4
2020-08-23,Bidar,38,4069,46,3191,747,0,127,4
2020-08-24,Bidar,83,4152,107,3298,722,1,128,4
2020-08-25,Bidar,61,4213,84,3382,699,0,128,4
2020-08-26,Bidar,42,4255,105,3487,634,2,130,4
2020-08-27,Bidar,76,4331,105,3592,602,3,133,4
2020-08-28,Bidar,60,4391,19,3611,643,0,133,4
2020-08-29,Bidar,46,4437,87,3698,602,0,133,4
2020-08-30,Bidar,73,4510,21,3719,653,1,134,4
2020-08-31,Bidar,30,4540,120,3839,562,1,135,4
2020-09-01,Bidar,63,4603,96,3935,529,0,135,4
2020-09-02,Bidar,62,4665,91,4026,499,1,136,4
2020-09-03,Bidar,56,4721,95,4121,460,0,136,4
2020-09-04,Bidar,36,4757,35,4156,458,3,139,4
2020-09-06,Bidar,83,4959,19,4228,587,1,140,4
2020-09-07,Bidar,32,4991,38,4264,583,0,140,4
2020-09-08,Bidar,52,5043,69,4333,565,1,141,4
2020-09-09,Bidar,59,5102,98,4431,524,2,143,4
2020-09-10,Bidar,98,5200,94,4525,528,0,143,4
2020-09-11,Bidar,61,5261,94,4619,495,0,143,4
2020-09-12,Bidar,101,5362,19,4638,577,0,143,4
2020-09-13,Bidar,82,5444,13,4651,646,0,143,4
2020-09-14,Bidar,51,5495,107,4758,588,2,145,4
2020-09-15,Bidar,50,5545,75,4833,562,1,146,4
2020-09-16,Bidar,52,5597,67,4898,546,1,149,4
2020-09-17,Bidar,80,5677,0,4898,626,0,149,4
2020-09-18,Bidar,46,5723,53,4951,619,0,149,4
2020-09-19,Bidar,23,5746,122,5073,520,0,149,4
2020-09-20,Bidar,77,5823,51,5124,546,0,149,4
2020-09-21,Bidar,17,5840,104,5228,459,0,149,4
2020-09-22,Bidar,50,5890,75,5303,434,0,149,4
2020-09-23,Bidar,63,5953,43,5346,454,0,149,4
2020-09-24,Bidar,71,6024,31,5377,494,0,149,4
2020-09-25,Bidar,44,6068,28,5405,508,2,151,4
2020-09-26,Bidar,56,6124,36,5441,528,0,151,4
2020-09-27,Bidar,50,6174,60,5501,518,0,151,4
2020-09-28,Bidar,45,6219,100,5601,463,0,151,4
2020-09-29,Bidar,70,6289,53,5654,480,0,151,4
2020-09-30,Bidar,28,6317,18,5672,489,1,152,4
2020-10-01,Bidar,64,6381,37,5709,514,2,154,4
2020-10-02,Bidar,43,6424,34,5743,521,2,156,4
2020-10-03,Bidar,14,6438,95,5838,438,2,158,4
2020-10-04,Bidar,65,6503,21,5859,482,0,158,4
2020-10-05,Bidar,23,6526,34,5893,471,0,158,4
2020-10-06,Bidar,30,6556,112,6005,389,0,158,4
2020-10-07,Bidar,57,6613,35,6040,410,1,159,4
2020-10-08,Bidar,27,6640,41,6081,396,0,159,4
2020-10-09,Bidar,12,6652,20,6101,386,2,161,4
2020-10-10,Bidar,23,6675,30,6131,378,1,162,4
2020-10-11,Bidar,19,6694,31,6162,366,0,162,4
2020-10-12,Bidar,18,6712,60,6222,324,0,162,4
2020-10-13,Bidar,23,6735,82,6304,265,0,162,4
2020-10-14,Bidar,19,6754,7,6311,277,0,162,4
2020-10-15,Bidar,10,6764,23,6334,263,1,163,4
2020-10-16,Bidar,14,6778,48,6382,229,0,163,4
2020-10-17,Bidar,10,6788,22,6404,217,0,163,4
2020-10-18,Bidar,7,6795,24,6428,200,0,163,4
2020-10-19,Bidar,6,6801,50,6478,156,0,163,4
2020-10-20,Bidar,10,6811,44,6522,122,0,163,4
2020-10-21,Bidar,14,6825,30,6552,106,0,163,4
2020-10-22,Bidar,6,6831,19,6571,93,0,163,4
2020-10-24,Bidar,7,6841,5,6585,89,0,163,4
2020-10-25,Bidar,7,6848,10,6595,86,0,163,4
2020-10-26,Bidar,3,6851,13,6608,76,0,163,4
2020-10-27,Bidar,13,6864,21,6629,68,0,163,4
2020-10-28,Bidar,8,6872,12,6641,64,0,163,4
2020-10-29,Bidar,14,6886,11,6652,67,0,163,4
2020-10-30,Bidar,6,6892,10,6662,63,0,163,4
2020-10-31,Bidar,3,6895,5,6667,61,0,163,4
2020-12-01,Bidar,1,7077,2,6856,49,0,168,4
2020-12-02,Bidar,8,7085,5,6861,52,0,168,4
2020-12-03,Bidar,12,7097,8,6869,56,0,168,4
2020-12-04,Bidar,3,7100,5,6874,54,0,168,4
2020-12-05,Bidar,4,7104,4,6878,54,0,168,4
2020-12-06,Bidar,0,7104,5,6883,48,1,169,4
2020-12-07,Bidar,2,7106,13,6896,37,0,169,4
2020-12-08,Bidar,3,7109,8,6904,31,1,170,4
2020-12-09,Bidar,2,7111,2,6906,31,0,170,4
2020-12-10,Bidar,2,7113,2,6908,31,0,170,4
2020-12-11,Bidar,2,7115,3,6911,30,0,170,4
2020-12-12,Bidar,16,7131,4,6915,42,0,170,4
2020-12-13,Bidar,5,7136,6,6921,41,0,170,4
2020-12-14,Bidar,4,7140,5,6926,40,0,170,4
2020-12-15,Bidar,11,7151,4,6930,47,0,170,4
2020-12-16,Bidar,10,7161,8,6938,49,0,170,4
2020-12-17,Bidar,3,7164,2,6940,50,0,170,4
2020-12-18,Bidar,8,7172,3,6943,55,0,170,4
2020-12-19,Bidar,8,7180,5,6948,58,0,170,4
2020-12-20,Bidar,12,7192,1,6949,69,0,170,4
2020-12-21,Bidar,8,7200,10,6959,67,0,170,4
2020-12-22,Bidar,9,7209,5,6964,71,0,170,4
2020-12-23,Bidar,6,7215,11,6975,65,1,171,4
2020-12-24,Bidar,8,7223,7,6982,66,0,171,4
2020-12-25,Bidar,5,7228,6,6988,65,0,171,4
2020-12-26,Bidar,7,7235,4,6992,68,0,171,4
2020-12-27,Bidar,7,7242,8,7000,67,0,171,4
2020-12-28,Bidar,1,7243,6,7006,62,0,171,4
2020-12-29,Bidar,1,7244,21,7027,42,0,171,4
2020-12-30,Bidar,7,7251,10,7037,39,0,171,4
2020-12-31,Bidar,5,7256,3,7040,41,0,171,4
2021-01-01,Bidar,6,7262,4,7044,43,0,171,4
2021-01-02,Bidar,7,7269,7,7051,43,0,171,4
2021-01-03,Bidar,1,7270,3,7054,41,0,171,4
2021-01-04,Bidar,9,7279,7,7061,43,0,171,4
2021-01-05,Bidar,2,7281,7,7068,38,0,171,4
2021-01-06,Bidar,4,7285,1,7069,41,0,171,4
2021-01-07,Bidar,6,7291,8,7077,39,0,171,4
2021-01-08,Bidar,7,7298,5,7082,41,0,171,4
2021-01-09,Bidar,2,7300,3,7085,40,0,171,4
2021-01-10,Bidar,10,7310,6,7091,44,0,171,4
2021-01-11,Bidar,5,7315,4,7095,44,1,172,4
2021-01-12,Bidar,4,7319,3,7098,45,0,172,4
2021-01-13,Bidar,0,7319,8,7106,37,0,172,4
2021-01-14,Bidar,7,7326,1,7107,43,0,172,4
2021-01-15,Bidar,9,7335,7,7114,45,0,172,4
2021-01-16,Bidar,5,7340,10,7124,40,0,172,4
2021-01-17,Bidar,7,7347,4,7128,43,0,172,4
2021-01-18,Bidar,4,7351,1,7129,46,0,172,4
2021-01-19,Bidar,6,7357,7,7136,45,0,172,4
2021-01-20,Bidar,1,7358,9,7145,37,0,172,4
2021-01-21,Bidar,2,7360,8,7153,31,0,172,4
2021-01-22,Bidar,1,7361,2,7155,30,0,172,4
2021-01-23,Bidar,8,7369,2,7157,36,0,172,4
2021-01-24,Bidar,2,7371,8,7165,30,0,172,4
2021-01-25,Bidar,5,7376,5,7170,30,0,172,4
2021-01-26,Bidar,1,7377,1,7171,30,0,172,4
2021-01-27,Bidar,2,7379,6,7177,26,0,172,4
2021-01-28,Bidar,5,7384,3,7180,28,0,172,4
2021-01-29,Bidar,1,7385,4,7184,25,0,172,4
2021-01-30,Bidar,1,7386,1,7185,25,0,172,4
2021-01-31,Bidar,3,7389,2,7187,26,0,172,4
2021-02-01,Bidar,8,7397,9,7196,25,0,172,4
2021-02-02,Bidar,7,7404,4,7200,28,0,172,4
2021-02-03,Bidar,1,7405,2,7202,27,0,172,4
2021-02-04,Bidar,18,7423,2,7204,43,0,172,4
2021-02-05,Bidar,7,7430,5,7209,45,0,172,4
2021-02-06,Bidar,9,7439,6,7215,48,0,172,4
2021-02-07,Bidar,18,7457,1,7216,65,0,172,4
2021-02-08,Bidar,2,7459,11,7227,56,0,172,4
2021-02-09,Bidar,6,7465,5,7232,57,0,172,4
2021-02-10,Bidar,8,7473,2,7234,63,0,172,4
2021-02-11,Bidar,0,7473,5,7239,58,0,172,4
2021-02-12,Bidar,5,7478,14,7253,49,0,172,4
2021-02-13,Bidar,1,7479,3,7256,47,0,172,4
2021-02-14,Bidar,1,7480,4,7260,44,0,172,4
2021-02-15,Bidar,0,7480,5,7265,39,0,172,4
2021-02-16,Bidar,4,7484,16,7281,27,0,172,4
2021-02-17,Bidar,1,7485,9,7290,19,0,172,4
2021-02-18,Bidar,3,7488,6,7296,16,0,172,4
2021-02-19,Bidar,0,7488,2,7298,14,0,172,4
2021-02-20,Bidar,15,7503,1,7299,28,0,172,4
2021-02-21,Bidar,3,7506,1,7300,30,0,172,4
2021-02-22,Bidar,4,7510,6,7306,28,0,172,4
2021-02-23,Bidar,1,7511,2,7308,27,0,172,4
2021-02-24,Bidar,4,7515,3,7311,28,0,172,4
2021-02-25,Bidar,6,7521,5,7316,29,0,172,4
2021-02-26,Bidar,5,7526,2,7318,32,0,172,4
2021-02-27,Bidar,9,7535,0,7318,41,0,172,4
2021-02-28,Bidar,10,7545,4,7322,47,0,172,4
2021-03-01,Bidar,0,7545,10,7332,37,0,172,4
2021-03-02,Bidar,16,7561,2,7334,51,0,172,4
2021-03-03,Bidar,20,7581,2,7336,69,0,172,4
2021-03-04,Bidar,8,7589,3,7339,74,0,172,4
2021-03-05,Bidar,13,7602,3,7342,83,1,173,4
2021-03-06,Bidar,20,7622,8,7350,95,0,173,4
2021-03-07,Bidar,24,7646,11,7361,108,0,173,4
2021-03-08,Bidar,7,7653,15,7376,100,0,173,4
2021-03-09,Bidar,0,7653,6,7382,94,0,173,4
2021-03-10,Bidar,15,7668,15,7397,94,0,173,4
2021-03-11,Bidar,20,7688,18,7415,96,0,173,4
2021-03-12,Bidar,19,7707,16,7431,98,1,174,4
2021-03-13,Bidar,15,7722,5,7436,108,0,174,4
2021-03-14,Bidar,11,7733,15,7451,104,0,174,4
2021-03-15,Bidar,33,7766,18,7469,118,1,175,4
2021-03-16,Bidar,32,7798,21,7490,129,0,175,4
2021-03-17,Bidar,47,7845,2,7492,174,0,175,4
2021-03-18,Bidar,53,7898,11,7503,215,1,176,4
2021-03-19,Bidar,40,7938,34,7537,220,1,177,4
2021-03-20,Bidar,49,7987,17,7554,251,1,178,4
2021-03-21,Bidar,61,8048,9,7563,302,1,179,4
2021-03-22,Bidar,51,8099,7,7570,346,0,179,4
2021-03-23,Bidar,76,8175,24,7594,398,0,179,4
2021-03-24,Bidar,82,8257,7,7601,473,0,179,4
2021-03-25,Bidar,78,8335,79,7680,472,0,179,4
2021-03-26,Bidar,65,8400,54,7734,482,1,180,4
2021-03-27,Bidar,82,8482,35,7769,528,1,181,4
2021-03-28,Bidar,63,8545,44,7813,547,0,181,4
2021-03-29,Bidar,247,8792,45,7858,748,1,182,4
2021-03-30,Bidar,102,8894,31,7889,818,1,183,4
2021-03-31,Bidar,159,9053,15,7904,962,0,183,4
2021-04-01,Bidar,218,9271,120,8024,1059,1,184,4
2021-04-02,Bidar,126,9397,64,8088,1121,0,184,4
2021-04-03,Bidar,172,9569,51,8139,1242,0,184,4
2021-04-04,Bidar,147,9716,75,8214,1314,0,184,4
2021-04-05,Bidar,264,9980,59,8273,1518,1,185,4
2021-04-06,Bidar,167,10147,175,8448,1509,1,186,4
2021-04-07,Bidar,214,10361,75,8523,1647,1,187,4
2021-04-08,Bidar,129,10490,198,8721,1577,1,188,4
2021-04-09,Bidar,186,10676,224,8945,1538,1,189,4
2021-04-10,Bidar,215,10891,125,9070,1626,2,191,4
2021-04-11,Bidar,290,11181,142,9212,1773,1,192,4
2021-04-12,Bidar,465,11646,154,9366,2082,2,194,4
2021-04-13,Bidar,198,11844,301,9667,1977,2,196,4
2021-04-14,Bidar,290,12134,121,9788,2144,2,198,4
2021-04-15,Bidar,363,12497,191,9979,2314,2,200,4
2021-04-16,Bidar,326,12823,159,10138,2479,2,202,4
2021-04-17,Bidar,359,13182,96,10234,2740,2,204,4
2021-04-18,Bidar,469,13651,17,10251,3191,1,205,4
2021-04-19,Bidar,318,13969,448,10699,3059,2,207,4
2021-04-20,Bidar,151,14120,263,10962,2940,7,214,4
2021-04-21,Bidar,202,14322,315,11277,2822,5,219,4
2021-04-22,Bidar,396,14718,162,11439,3053,3,222,4
2021-04-23,Bidar,416,15134,311,11750,3156,2,224,4
2021-04-24,Bidar,365,15499,304,12054,3217,0,224,4
2021-04-25,Bidar,406,15905,268,12322,3353,2,226,4
2021-04-26,Bidar,452,16357,312,12634,3489,4,230,4
2021-04-27,Bidar,328,16685,504,13138,3308,5,235,4
2021-04-28,Bidar,269,16954,301,13439,3270,6,241,4
2021-04-29,Bidar,180,17134,238,13677,3207,5,246,4
2021-04-30,Bidar,447,17581,210,13887,3438,6,252,4
2021-05-01,Bidar,360,17941,328,14215,3469,1,253,4
2021-05-02,Bidar,584,18525,346,14561,3701,6,259,4
2021-05-03,Bidar,396,18921,324,14885,3770,3,262,4
2021-05-04,Bidar,403,19324,344,15229,3824,5,267,4
2021-05-05,Bidar,482,19806,385,15614,3913,8,275,4
2021-05-06,Bidar,336,20142,266,15880,3979,4,279,4
2021-05-07,Bidar,437,20579,275,16155,4136,5,284,4
2021-05-08,Bidar,311,20890,185,16340,4256,6,290,4
2021-05-09,Bidar,313,21203,325,16665,4237,7,297,4
2021-05-10,Bidar,305,21508,567,17232,3971,4,301,4
2021-05-11,Bidar,158,21666,648,17880,3474,7,308,4
2021-05-12,Bidar,281,21947,440,18320,3308,7,315,4
2021-05-13,Bidar,257,22204,497,18817,3064,4,319,4
2021-05-14,Bidar,223,22427,408,19225,2875,4,323,4
2021-05-15,Bidar,185,22612,285,19510,2769,6,329,4
2021-05-16,Bidar,129,22741,550,20060,2342,6,335,4
2021-05-17,Bidar,172,22913,377,20437,2133,4,339,4
2021-05-18,Bidar,113,23026,364,20801,1878,4,343,4
2021-05-19,Bidar,149,23175,203,21004,1820,4,347,4
2021-05-20,Bidar,94,23269,332,21336,1577,5,352,4
2021-05-21,Bidar,75,23344,425,21761,1227,0,352,4
2021-05-22,Bidar,58,23402,294,22055,987,4,356,4
2021-05-23,Bidar,49,23451,205,22260,828,3,359,4
2021-05-24,Bidar,58,23509,166,22426,718,2,361,4
2021-05-25,Bidar,48,23557,120,22546,644,2,363,4
2021-05-26,Bidar,61,23618,171,22717,531,3,366,4
2021-05-27,Bidar,60,23678,118,22835,471,2,368,4
2021-05-28,Bidar,64,23742,71,22906,461,3,371,4
2021-05-29,Bidar,42,23784,101,23007,399,3,374,4
2021-05-30,Bidar,37,23821,38,23045,396,2,376,4
2021-05-31,Bidar,17,23838,66,23111,346,1,377,4
2021-06-01,Bidar,22,23860,47,23158,319,2,379,4
2021-06-02,Bidar,23,23883,37,23195,305,0,379,4
2021-06-03,Bidar,27,23910,73,23268,257,2,381,4
2021-06-04,Bidar,19,23929,68,23336,206,2,383,4
2021-06-05,Bidar,23,23952,48,23384,180,1,384,4
2021-06-06,Bidar,7,23959,28,23412,159,0,384,4
2021-06-07,Bidar,13,23972,17,23429,154,1,385,4
2021-06-08,Bidar,10,23982,28,23457,135,1,386,4
2021-06-09,Bidar,9,23991,21,23478,122,1,387,4
2021-06-10,Bidar,20,24011,24,23502,117,1,388,4
2021-06-11,Bidar,9,24020,21,23523,105,0,388,4
2021-06-12,Bidar,30,24050,21,23544,114,0,388,4
2021-06-13,Bidar,7,24057,11,23555,110,0,388,4
2021-06-14,Bidar,14,24071,19,23574,105,0,388,4
2021-06-15,Bidar,2,24073,7,23581,100,0,388,4
2021-06-16,Bidar,14,24087,23,23604,91,0,388,4
2021-06-17,Bidar,8,24095,24,23628,75,0,388,4
2021-06-18,Bidar,11,24106,21,23649,65,0,388,4
2021-06-19,Bidar,3,24109,3,23652,65,0,388,4
2021-06-20,Bidar,6,24115,11,23663,59,1,389,4
2021-06-21,Bidar,12,24127,3,23666,67,1,390,4
2021-06-22,Bidar,6,24133,19,23685,54,0,390,4
2021-06-23,Bidar,1,24134,7,23692,48,0,390,4
2021-06-24,Bidar,18,24152,9,23701,56,1,391,4
2021-06-25,Bidar,6,24158,6,23707,56,0,391,4
2021-06-26,Bidar,1,24159,6,23713,51,0,391,4
2021-06-27,Bidar,8,24167,15,23728,44,0,391,4
