Date,District Name,Today’s Positives,Total Positives,Today’s Discharges,Total Discharges,Total Active Cases,Today’s Reported Covid Deaths,Total Covid Deaths,Death due to Non- Covid reasons
2020-07-01,Dakshina Kannada,84,825,17,402,408,0,13,2
2020-07-02,Dakshina Kannada,90,915,34,436,461,3,16,2
2020-07-03,Dakshina Kannada,97,1012,51,487,507,0,16,2
2020-07-04,Dakshina Kannada,75,1087,26,513,552,4,20,2
2020-07-05,Dakshina Kannada,147,1234,36,549,663,0,20,2
2020-07-06,Dakshina Kannada,34,1268,75,624,620,2,22,2
2020-07-07,Dakshina Kannada,83,1351,26,650,677,0,22,2
2020-07-08,Dakshina Kannada,183,1534,0,650,859,1,23,2
2020-07-10,Dakshina Kannada,139,1840,46,732,1075,8,31,2
2020-07-11,Dakshina Kannada,186,2026,14,746,1242,5,36,2
2020-07-12,"Dakshina
Kannada",196,2222,14,760,1419,5,41,2
2020-07-13,"Dakshina
Kannada",131,2353,61,821,1489,0,41,2
2020-07-14,"Dakshina
Kannada",91,2444,65,886,1511,4,45,2
2020-07-15,"Dakshina
Kannada",76,2520,21,907,1566,0,45,2
2020-07-16,"Dakshina
Kannada",238,2758,39,946,1758,7,52,2
2020-07-17,"Dakshina
Kannada",39,2797,92,1038,1704,1,53,2
2020-07-19,"Dakshina
Kannada",285,3591,90,1151,2377,1,61,2
2020-07-20,Dakshina Kannada,89,3680,0,1151,2459,7,68,2
2020-07-21,"Dakshina
Kannada",149,3829,29,1180,2574,5,73,2
2020-07-22,Dakshina Kannada,162,3991,51,1231,2682,3,76,2
2020-07-23,Dakshina Kannada,218,4209,301,1532,2592,7,83,2
2020-07-24,Dakshina Kannada,180,4389,239,1771,2527,6,89,2
2020-07-25,Dakshina Kannada,218,4607,140,1911,2597,8,97,2
2020-07-26,Dakshina Kannada,199,4806,147,2058,2642,7,104,2
2020-07-27,Dakshina Kannada,119,4925,80,2138,2672,9,113,2
2020-07-28,Dakshina Kannada,173,5098,200,2338,2642,3,116,2
2020-07-29,Dakshina Kannada,208,5306,118,2456,2725,7,123,2
2020-07-30,Dakshina Kannada,198,5504,105,2561,2811,7,130,2
2020-07-31,Dakshina Kannada,204,5708,70,2626,2940,10,140,2
2020-08-01,Dakshina Kannada,139,5847,54,2680,3017,8,148,2
2020-08-02,Dakshina Kannada,163,6010,45,2725,3125,10,158,2
2020-08-03,Dakshina Kannada,153,6163,124,2849,3147,7,165,2
2020-08-04,Dakshina Kannada,225,6388,73,2918,3290,13,178,2
2020-08-05,Dakshina Kannada,149,6537,82,3000,3347,10,188,2
2020-08-06,Dakshina Kannada,173,6710,107,3107,3402,11,199,2
2020-08-07,Dakshina Kannada,166,6876,188,3295,3373,7,206,2
2020-08-08,Dakshina Kannada,194,7070,183,3478,3378,6,212,2
2020-08-09,Dakshina Kannada,132,7202,195,3673,3309,6,218,2
2020-08-10,"Dakshina
Kannada",146,7348,533,4206,2914,8,226,2
2020-08-11,Dakshina Kannada,243,7591,519,4725,2629,9,235,2
2020-08-12,Dakshina Kannada,229,7820,498,5223,2353,7,242,2
2020-08-13,Dakshina Kannada,246,8066,641,5864,1952,6,248,2
2020-08-14,Dakshina Kannada,307,8373,242,6106,2011,6,254,2
2020-08-15,Dakshina Kannada,271,8644,202,6308,2074,6,260,2
2020-08-16,Dakshina Kannada,229,8873,128,6436,2168,7,267,2
2020-08-17,Dakshina Kannada,144,9017,209,6645,2095,8,275,2
2020-08-18,Dakshina Kannada,279,9296,173,6818,2192,9,284,2
2020-08-19,Dakshina Kannada,234,9530,115,6933,2307,4,288,2
2020-08-20,Dakshina Kannada,177,9707,187,7120,2291,6,294,2
2020-08-21,Dakshina Kannada,202,9909,64,7184,2424,5,299,2
2020-08-22,Dakshina Kannada,228,10137,320,7504,2328,4,303,2
2020-08-23,Dakshina Kannada,193,10330,164,7668,2352,5,308,2
2020-08-24,Dakshina Kannada,201,10531,241,7909,2306,6,314,2
2020-08-25,Dakshina Kannada,247,10778,218,8127,2332,3,317,2
2020-08-26,Dakshina Kannada,314,11092,296,8423,2339,11,328,2
2020-08-27,Dakshina Kannada,297,11389,257,8680,2372,7,335,2
2020-08-28,Dakshina Kannada,448,11837,293,8973,2521,6,341,2
2020-08-29,Dakshina Kannada,272,12109,236,9209,2550,7,348,2
2020-08-30,Dakshina Kannada,334,12443,213,9422,2665,6,354,2
2020-08-31,Dakshina Kannada,270,12713,367,9789,2556,12,366,2
2020-09-01,Dakshina Kannada,352,13065,363,10152,2538,7,373,2
2020-09-02,Dakshina Kannada,414,13479,346,10498,2600,6,379,2
2020-09-03,Dakshina Kannada,316,13795,208,10706,2705,3,382,2
2020-09-04,Dakshina Kannada,428,14223,222,10928,2904,7,389,2
2020-09-06,Dakshina Kannada,326,14926,202,11441,3084,1,399,2
2020-09-07,Dakshina Kannada,152,15078,313,11756,2913,8,407,2
2020-09-08,Dakshina Kannada,374,15452,232,11988,3052,3,410,2
2020-09-09,Dakshina Kannada,310,15762,256,12244,3100,6,416,2
2020-09-10,Dakshina Kannada,350,16112,170,12414,3271,9,425,2
2020-09-11,Dakshina Kannada,446,16558,197,12611,3513,7,432,2
2020-09-12,Dakshina Kannada,401,16959,204,12815,3705,5,437,2
2020-09-13,Dakshina Kannada,404,17363,174,12989,3932,3,440,2
2020-09-14,Dakshina Kannada,413,17776,297,13286,4043,5,445,2
2020-09-15,Dakshina Kannada,316,18092,322,13608,4032,5,450,2
2020-09-16,Dakshina Kannada,466,18558,0,13608,4499,0,449,2
2020-09-17,Dakshina Kannada,308,18866,398,14006,4400,9,458,2
2020-09-18,Dakshina Kannada,456,19322,340,14346,4505,11,469,2
2020-09-19,Dakshina Kannada,432,19754,404,14750,4528,5,474,2
2020-09-20,Dakshina Kannada,380,20134,353,15103,4549,6,480,2
2020-09-21,Dakshina Kannada,233,20367,404,15507,4370,8,488,2
2020-09-22,Dakshina Kannada,211,20578,209,15716,4368,4,492,2
2020-09-23,Dakshina Kannada,186,20764,0,15716,4554,0,492,2
2020-09-24,Dakshina Kannada,266,21030,10,15726,4808,2,494,2
2020-09-25,Dakshina Kannada,217,21247,68,15794,4957,0,494,2
2020-09-26,Dakshina Kannada,420,21667,152,15946,5217,8,502,2
2020-09-27,Dakshina Kannada,460,22127,134,16080,5537,6,508,2
2020-09-28,Dakshina Kannada,217,22344,190,16270,5557,7,515,2
2020-09-29,Dakshina Kannada,362,22706,232,16502,5678,9,524,2
2020-09-30,Dakshina Kannada,240,22946,299,16801,5609,10,534,2
2020-10-01,Dakshina Kannada,493,23439,287,17088,5804,11,545,2
2020-10-02,Dakshina Kannada,322,23761,277,17365,5837,12,557,2
2020-10-03,Dakshina Kannada,258,24019,344,17709,5742,9,566,2
2020-10-04,Dakshina Kannada,293,24312,434,18143,5599,2,568,2
2020-10-05,Dakshina Kannada,245,24557,261,18404,5577,6,574,2
2020-10-06,Dakshina Kannada,272,24829,382,18786,5460,7,581,2
2020-10-07,Dakshina Kannada,447,25276,1214,20000,4686,7,588,2
2020-10-08,Dakshina Kannada,296,25572,586,20586,4390,6,594,2
2020-10-09,Dakshina Kannada,376,25948,268,20854,4496,2,596,2
2020-10-10,Dakshina Kannada,316,26264,607,21461,4201,4,600,2
2020-10-11,Dakshina Kannada,265,26529,283,21744,4178,5,605,2
2020-10-12,"Dakshina
Kannada",303,26832,194,21938,4283,4,609,2
2020-10-13,"Dakshina
Kannada",314,27146,486,22424,4108,3,612,2
2020-10-14,"Dakshina
Kannada",292,27438,499,22923,3896,5,617,2
2020-10-15,"Dakshina
Kannada",301,27739,490,23413,3705,2,619,2
2020-10-16,"Dakshina
Kannada",220,27959,391,23804,3529,5,624,2
2020-10-17,"Dakshina
Kannada",172,28131,212,24016,3485,4,628,2
2020-10-18,"Dakshina
Kannada",183,28314,272,24288,3393,3,631,2
2020-10-19,"Dakshina
Kannada",107,28421,398,24685,3097,6,637,2
2020-10-20,"Dakshina
Kannada",146,28567,299,24984,2940,4,641,2
2020-10-21,"Dakshina
Kannada",215,28782,302,25286,2844,9,650,2
2020-10-22,"Dakshina
Kannada",154,28936,248,25534,2747,3,653,2
2020-10-24,"Dakshina
Kannada",136,29401,300,26124,2615,3,660,2
2020-10-25,"Dakshina
Kannada",139,29540,211,26335,2540,3,663,2
2020-10-26,"Dakshina
Kannada",153,29693,262,26597,2427,4,667,2
2020-10-27,"Dakshina
Kannada",122,29815,260,26857,2288,1,668,2
2020-10-28,"Dakshina
Kannada",99,29914,161,27018,2223,3,671,2
2020-10-29,"Dakshina
Kannada",96,30010,424,27442,1893,2,673,2
2020-10-30,"Dakshina
Kannada",137,30147,198,27640,1829,3,676,2
2020-10-31,"Dakshina
Kannada",95,30242,171,27811,1752,1,677,2
2020-12-01,Dakshina Kannada,36,31959,42,30770,472,0,715,2
2020-12-02,Dakshina Kannada,35,31994,41,30811,466,0,715,2
2020-12-03,Dakshina Kannada,35,32029,66,30877,433,2,717,2
2020-12-04,Dakshina Kannada,42,32071,20,30897,455,0,717,2
2020-12-05,Dakshina Kannada,37,32108,33,30930,458,1,718,2
2020-12-06,Dakshina Kannada,19,32127,44,30974,432,1,719,2
2020-12-07,Dakshina Kannada,23,32150,65,31039,387,3,722,2
2020-12-08,"Dakshina
Kannada***",29,32179,47,31045,408,2,724,2
2020-12-09,Dakshina Kannada,34,32213,81,31126,359,2,726,2
2020-12-10,Dakshina Kannada,30,32243,29,31155,358,2,728,2
2020-12-11,Dakshina Kannada,29,32272,38,31193,347,2,730,2
2020-12-12,Dakshina Kannada,53,32325,43,31236,355,2,732,2
2020-12-13,Dakshina Kannada,36,32361,29,31265,361,1,733,2
2020-12-14,Dakshina Kannada,22,32383,48,31313,335,0,733,2
2020-12-15,Dakshina Kannada,38,32421,37,31350,336,0,733,2
2020-12-16,Dakshina Kannada,23,32444,20,31370,339,0,733,2
2020-12-17,Dakshina Kannada,40,32484,23,31393,355,1,734,2
2020-12-18,Dakshina Kannada,38,32522,26,31419,367,0,734,2
2020-12-19,Dakshina Kannada,34,32556,33,31452,368,0,734,2
2020-12-20,Dakshina Kannada,33,32589,27,31479,374,0,734,2
2020-12-21,Dakshina Kannada,24,32613,30,31509,368,0,734,2
2020-12-22,Dakshina Kannada,46,32659,47,31556,367,0,734,2
2020-12-23,Dakshina Kannada,14,32673,35,31591,346,0,734,2
2020-12-24,Dakshina Kannada,20,32693,27,31618,339,0,734,2
2020-12-25,Dakshina Kannada,30,32723,33,31651,336,0,734,2
2020-12-26,Dakshina Kannada,34,32757,22,31673,348,0,734,2
2020-12-27,Dakshina Kannada,18,32775,34,31707,332,0,734,2
2020-12-28,Dakshina Kannada,8,32783,37,31744,303,0,734,2
2020-12-29,Dakshina Kannada,35,32818,34,31778,304,0,734,2
2020-12-30,Dakshina Kannada,31,32849,39,31817,296,0,734,2
2020-12-31,Dakshina Kannada,35,32884,32,31849,299,0,734,2
2021-01-01,Dakshina Kannada,27,32911,46,31895,280,0,734,2
2021-01-02,Dakshina Kannada,37,32948,19,31914,298,0,734,2
2021-01-03,Dakshina Kannada,30,32978,19,31933,309,0,734,2
2021-01-04,Dakshina Kannada,16,32994,27,31960,298,0,734,2
2021-01-05,Dakshina Kannada,44,33038,36,31996,306,0,734,2
2021-01-06,Dakshina Kannada,42,33080,22,32018,326,0,734,2
2021-01-07,Dakshina Kannada,37,33117,7,32025,356,0,734,2
2021-01-08,Dakshina Kannada,62,33179,38,32063,380,0,734,2
2021-01-09,Dakshina Kannada,37,33216,28,32091,389,0,734,2
2021-01-10,Dakshina Kannada,39,33255,32,32123,396,0,734,2
2021-01-11,Dakshina Kannada,10,33265,29,32152,377,0,734,2
2021-01-12,Dakshina Kannada,24,33289,43,32195,358,0,734,2
2021-01-13,Dakshina Kannada,20,33309,35,32230,343,0,734,2
2021-01-14,Dakshina Kannada,28,33337,17,32247,354,0,734,2
2021-01-15,Dakshina Kannada,37,33374,43,32290,348,0,734,2
2021-01-16,Dakshina Kannada,20,33394,41,32331,326,1,735,2
2021-01-17,Dakshina Kannada,31,33425,46,32377,311,0,735,2
2021-01-18,Dakshina Kannada,13,33438,41,32418,283,0,735,2
2021-01-19,Dakshina Kannada,25,33463,40,32458,268,0,735,2
2021-01-20,Dakshina Kannada,16,33479,42,32500,242,0,735,2
2021-01-21,Dakshina Kannada,39,33518,12,32512,269,0,735,2
2021-01-22,Dakshina Kannada,12,33530,28,32540,252,1,736,2
2021-01-23,Dakshina Kannada,31,33561,18,32558,265,0,736,2
2021-01-24,Dakshina Kannada,42,33603,26,32584,280,1,737,2
2021-01-25,Dakshina Kannada,31,33634,34,32618,277,0,737,2
2021-01-26,Dakshina Kannada,19,33653,22,32640,274,0,737,2
2021-01-27,Dakshina Kannada,14,33667,30,32670,258,0,737,2
2021-01-28,Dakshina Kannada,34,33701,11,32681,281,0,737,2
2021-01-29,Dakshina Kannada,26,33727,29,32710,278,0,737,2
2021-01-30,Dakshina Kannada,28,33755,17,32727,289,0,737,2
2021-01-31,Dakshina Kannada,33,33788,33,32760,289,0,737,2
2021-02-01,Dakshina Kannada,16,33804,18,32778,286,1,738,2
2021-02-02,Dakshina Kannada,23,33827,24,32802,285,0,738,2
2021-02-03,Dakshina Kannada,61,33888,65,32867,281,0,738,2
2021-02-04,Dakshina Kannada,42,33930,20,32887,303,0,738,2
2021-02-05,Dakshina Kannada,17,33947,16,32903,304,0,738,2
2021-02-06,Dakshina Kannada,28,33975,19,32922,313,0,738,2
2021-02-07,Dakshina Kannada,30,34005,27,32949,316,0,738,2
2021-02-08,Dakshina Kannada,40,34045,18,32967,338,0,738,2
2021-02-09,Dakshina Kannada,29,34074,24,32991,343,0,738,2
2021-02-10,Dakshina Kannada,16,34090,22,33013,337,0,738,2
2021-02-11,Dakshina Kannada,28,34118,33,33046,332,0,738,2
2021-02-12,Dakshina Kannada,33,34151,31,33077,334,0,738,2
2021-02-13,Dakshina Kannada,18,34169,51,33128,301,0,738,2
2021-02-14,Dakshina Kannada,24,34193,39,33167,286,0,738,2
2021-02-15,Dakshina Kannada,9,34202,32,33199,263,0,738,2
2021-02-16,Dakshina Kannada,19,34221,20,33219,262,0,738,2
2021-02-17,Dakshina Kannada,25,34246,38,33257,249,0,738,2
2021-02-18,Dakshina Kannada,20,34266,19,33276,250,0,738,2
2021-02-19,Dakshina Kannada,20,34286,30,33306,240,0,738,2
2021-02-20,Dakshina Kannada,17,34303,20,33326,237,0,738,2
2021-02-21,Dakshina Kannada,11,34314,28,33354,220,0,738,2
2021-02-22,Dakshina Kannada,10,34324,20,33374,210,0,738,2
2021-02-23,Dakshina Kannada,17,34341,16,33390,211,0,738,2
2021-02-24,Dakshina Kannada,9,34350,17,33407,203,0,738,2
2021-02-25,Dakshina Kannada,24,34374,22,33429,205,0,738,2
2021-02-26,Dakshina Kannada,22,34396,20,33449,207,0,738,2
2021-02-27,Dakshina Kannada,21,34417,26,33475,202,0,738,2
2021-02-28,Dakshina Kannada,24,34441,17,33492,209,0,738,2
2021-03-01,Dakshina Kannada,8,34449,22,33514,195,0,738,2
2021-03-02,Dakshina Kannada,19,34468,22,33536,192,0,738,2
2021-03-03,Dakshina Kannada,19,34487,15,33551,196,0,738,2
2021-03-04,Dakshina Kannada,19,34506,10,33561,205,0,738,2
2021-03-05,Dakshina Kannada,20,34526,17,33578,208,0,738,2
2021-03-06,Dakshina Kannada,27,34553,12,33590,223,0,738,2
2021-03-07,Dakshina Kannada,16,34569,14,33604,225,0,738,2
2021-03-08,Dakshina Kannada,14,34583,20,33624,219,0,738,2
2021-03-09,Dakshina Kannada,11,34594,18,33642,212,0,738,2
2021-03-10,Dakshina Kannada,25,34619,18,33660,218,1,739,2
2021-03-11,Dakshina Kannada,11,34630,16,33676,213,0,739,2
2021-03-12,Dakshina Kannada,35,34665,16,33692,232,0,739,2
2021-03-13,Dakshina Kannada,43,34708,25,33717,250,0,739,2
2021-03-14,Dakshina Kannada,40,34748,31,33748,259,0,739,2
2021-03-15,Dakshina Kannada,65,34813,22,33770,302,0,739,2
2021-03-16,Dakshina Kannada,50,34863,21,33791,331,0,739,2
2021-03-17,Dakshina Kannada,72,34935,25,33816,378,0,739,2
2021-03-18,Dakshina Kannada,64,34999,14,33830,428,0,739,2
2021-03-19,Dakshina Kannada,47,35046,11,33841,464,0,739,2
2021-03-20,Dakshina Kannada,52,35098,24,33865,492,0,739,2
2021-03-21,Dakshina Kannada,54,35152,19,33884,527,0,739,2
2021-03-22,Dakshina Kannada,31,35183,30,33914,527,1,740,2
2021-03-23,Dakshina Kannada,74,35257,38,33952,563,0,740,2
2021-03-24,Dakshina Kannada,54,35311,55,34007,562,0,740,2
2021-03-25,Dakshina Kannada,72,35383,61,34068,573,0,740,2
2021-03-26,Dakshina Kannada,72,35455,49,34117,596,0,740,2
2021-03-27,Dakshina Kannada,39,35494,79,34196,556,0,740,2
2021-03-28,Dakshina Kannada,68,35562,52,34248,572,0,740,2
2021-03-29,Dakshina Kannada,45,35607,38,34286,579,0,740,2
2021-03-30,Dakshina Kannada,47,35654,44,34330,582,0,740,2
2021-03-31,Dakshina Kannada,43,35697,55,34385,570,0,740,2
2021-04-01,Dakshina Kannada,30,35727,36,34421,564,0,740,2
2021-04-02,Dakshina Kannada,105,35832,65,34486,604,0,740,2
2021-04-03,Dakshina Kannada,83,35915,67,34553,620,0,740,2
2021-04-04,Dakshina Kannada,83,35998,61,34614,642,0,740,2
2021-04-05,Dakshina Kannada,56,36054,72,34686,626,0,740,2
2021-04-06,Dakshina Kannada,89,36143,35,34721,680,0,740,2
2021-04-07,Dakshina Kannada,112,36255,73,34794,718,1,741,2
2021-04-08,Dakshina Kannada,145,36400,55,34849,808,0,741,2
2021-04-09,Dakshina Kannada,115,36515,54,34903,869,0,741,2
2021-04-10,Dakshina Kannada,137,36652,41,34944,965,0,741,2
2021-04-11,Dakshina Kannada,133,36785,26,34970,1072,0,741,2
2021-04-12,Dakshina Kannada,73,36858,102,35072,1043,0,741,2
2021-04-13,Dakshina Kannada,142,37000,76,35148,1109,0,741,2
2021-04-14,Dakshina Kannada,140,37140,97,35245,1152,0,741,2
2021-04-15,Dakshina Kannada,166,37306,68,35313,1250,0,741,2
2021-04-30,Dakshina Kannada,1205,45109,380,37866,6486,1,755,2
2021-06-10,Dakshina Kannada,580,82187,625,74272,6946,8,967,2
2021-06-24,DakshinaKannada,498,90659,702,82960,6591,15,1105,3
