Date,District Name,Today’s Positives,Total Positives,Today’s Discharges,Total Discharges,Total Active Cases,Today’s Reported Covid Deaths,Total Covid Deaths,Death due to Non- Covid reasons
2020-07-01,Kodagu,7,54,0,3,51,0,0,0
2020-07-02,Kodagu,6,60,0,3,57,0,0,0
2020-07-03,Kodagu,16,76,0,3,73,0,0,0
2020-07-04,Kodagu,0,76,0,3,73,0,0,0
2020-07-05,Kodagu,0,76,0,3,73,0,0,0
2020-07-06,Kodagu,2,78,0,3,74,1,1,0
2020-07-07,Kodagu,14,92,0,3,88,0,1,0
2020-07-08,Kodagu,0,92,12,15,76,0,1,0
2020-07-10,Kodagu,33,129,2,17,111,0,1,0
2020-07-11,Kodagu,12,141,0,17,123,0,1,0
2020-07-12,Kodagu,15,156,44,61,94,0,1,0
2020-07-13,Kodagu,29,185,7,68,114,2,3,0
2020-07-14,Kodagu,10,195,0,68,124,0,3,0
2020-07-15,Kodagu,23,218,0,68,147,0,3,0
2020-07-16,Kodagu,18,236,46,114,119,0,3,0
2020-07-17,Kodagu,13,249,0,114,131,1,4,0
2020-07-19,Kodagu,13,272,59,173,94,0,5,0
2020-07-20,Kodagu,8,280,0,173,102,0,5,0
2020-07-21,Kodagu,1,281,9,182,94,0,5,0
2020-07-22,Kodagu,7,288,28,210,73,0,5,0
2020-07-23,Kodagu,22,310,0,210,95,0,5,0
2020-07-24,Kodagu,3,313,26,236,72,0,5,0
2020-07-25,Kodagu,9,322,0,236,81,0,5,0
2020-07-26,Kodagu,20,342,10,246,91,0,5,0
2020-07-27,Kodagu,10,352,7,253,94,0,5,0
2020-07-28,Kodagu,2,354,13,266,82,1,6,0
2020-07-29,Kodagu,8,362,0,266,90,0,6,0
2020-07-30,Kodagu,24,386,0,266,114,0,6,0
2020-07-31,Kodagu,30,416,23,288,119,3,9,0
2020-08-01,Kodagu,35,451,0,288,154,0,9,0
2020-08-02,Kodagu,16,467,0,288,170,0,9,0
2020-08-03,Kodagu,39,506,32,320,177,0,9,0
2020-08-04,Kodagu,31,537,0,320,208,0,9,0
2020-08-05,Kodagu,13,550,19,339,201,1,10,0
2020-08-06,Kodagu,51,601,24,363,228,0,10,0
2020-08-07,Kodagu,27,628,13,376,242,0,10,0
2020-08-08,Kodagu,22,650,21,397,242,1,11,0
2020-08-09,Kodagu,22,672,0,397,264,0,11,0
2020-08-10,Kodagu,29,701,31,428,262,0,11,0
2020-08-11,Kodagu,41,742,29,457,274,0,11,0
2020-08-12,Kodagu,29,771,47,504,256,0,11,0
2020-08-13,Kodagu,55,826,29,533,282,0,11,0
2020-08-14,Kodagu,60,886,44,577,298,0,11,0
2020-08-15,Kodagu,48,934,23,600,323,0,11,0
2020-08-16,Kodagu,25,959,27,627,321,0,11,0
2020-08-17,Kodagu,18,977,1,628,337,1,12,0
2020-08-18,Kodagu,16,993,25,653,328,0,12,0
2020-08-19,Kodagu,38,1031,14,667,352,0,12,0
2020-08-20,Kodagu,46,1077,49,716,347,2,14,0
2020-08-21,Kodagu,65,1142,107,823,303,2,16,0
2020-08-22,Kodagu,24,1166,64,887,263,0,16,0
2020-08-23,Kodagu,15,1181,0,887,278,0,16,0
2020-08-24,Kodagu,35,1216,38,925,275,0,16,0
2020-08-25,Kodagu,8,1224,17,942,266,0,16,0
2020-08-26,Kodagu,26,1250,50,992,242,0,16,0
2020-08-27,Kodagu,25,1275,54,1046,212,1,17,0
2020-08-28,Kodagu,28,1303,24,1070,215,1,18,0
2020-08-29,Kodagu,46,1349,38,1108,222,1,19,0
2020-08-30,Kodagu,65,1414,39,1147,246,2,21,0
2020-08-31,Kodagu,17,1431,2,1149,261,0,21,0
2020-09-01,Kodagu,54,1485,14,1163,301,0,21,0
2020-09-02,Kodagu,25,1510,31,1194,295,0,21,0
2020-09-03,Kodagu,82,1592,18,1212,359,0,21,0
2020-09-04,Kodagu,44,1636,39,1251,364,0,21,0
2020-09-06,Kodagu,38,1702,71,1357,323,1,22,0
2020-09-07,Kodagu,11,1713,18,1347,343,1,23,0
2020-09-08,Kodagu,29,1742,12,1359,360,0,23,0
2020-09-09,Kodagu,60,1802,41,1400,378,1,24,0
2020-09-10,Kodagu,61,1863,18,1418,420,1,25,0
2020-09-11,Kodagu,18,1881,111,1529,326,1,26,0
2020-09-12,Kodagu,27,1908,43,1572,310,0,26,0
2020-09-13,Kodagu,33,1941,24,1596,319,0,26,0
2020-09-14,Kodagu,32,1973,29,1625,321,1,27,0
2020-09-15,Kodagu,72,2045,0,1625,393,0,27,0
2020-09-16,Kodagu,41,2086,0,1625,433,0,28,0
2020-09-17,Kodagu,47,2133,0,1625,480,0,28,0
2020-09-18,Kodagu,44,2177,141,1766,380,3,31,0
2020-09-19,Kodagu,38,2215,34,1800,384,0,31,0
2020-09-20,Kodagu,32,2247,40,1840,376,0,31,0
2020-09-21,Kodagu,13,2260,20,1860,369,0,31,0
2020-09-22,Kodagu,73,2333,69,1929,373,0,31,0
2020-09-23,Kodagu,33,2366,0,1929,406,0,31,0
2020-09-24,Kodagu,2,2368,28,1957,380,0,31,0
2020-09-25,Kodagu,67,2435,46,2003,399,2,33,0
2020-09-26,Kodagu,79,2514,41,2044,437,0,33,0
2020-09-27,Kodagu,53,2567,44,2088,446,0,33,0
2020-09-28,Kodagu,25,2592,28,2116,442,1,34,0
2020-09-29,Kodagu,57,2649,27,2143,470,2,36,0
2020-09-30,Kodagu,96,2745,31,2174,535,0,36,0
2020-10-01,Kodagu,58,2803,11,2185,578,4,40,0
2020-10-02,Kodagu,30,2833,100,2285,508,0,40,0
2020-10-03,Kodagu,37,2870,42,2327,503,0,40,0
2020-10-04,Kodagu,148,3018,38,2365,609,4,44,0
2020-10-05,Kodagu,47,3065,104,2469,551,1,45,0
2020-10-06,Kodagu,83,3148,4,2473,630,0,45,0
2020-10-07,Kodagu,103,3251,55,2528,677,1,46,0
2020-10-08,Kodagu,94,3345,87,2615,684,0,46,0
2020-10-09,Kodagu,31,3376,199,2814,515,1,47,0
2020-10-10,Kodagu,216,3592,110,2924,619,2,49,0
2020-10-11,Kodagu,40,3632,76,3000,583,0,49,0
2020-10-12,Kodagu,65,3697,63,3063,585,0,49,0
2020-10-13,Kodagu,151,3848,45,3108,688,3,52,0
2020-10-14,Kodagu,160,4008,92,3200,756,0,52,0
2020-10-15,Kodagu,158,4166,130,3330,784,0,52,0
2020-10-16,Kodagu,105,4271,173,3503,713,3,55,0
2020-10-17,Kodagu,77,4348,67,3570,721,2,57,0
2020-10-18,Kodagu,72,4420,47,3617,746,0,57,0
2020-10-19,Kodagu,32,4452,80,3697,696,2,59,0
2020-10-20,Kodagu,24,4476,121,3818,599,0,59,0
2020-10-21,Kodagu,51,4527,88,3906,562,0,59,0
2020-10-22,Kodagu,49,4576,88,3994,522,1,60,0
2020-10-24,Kodagu,33,4646,105,4198,388,0,60,0
2020-10-25,Kodagu,35,4681,73,4271,350,0,60,0
2020-10-26,Kodagu,39,4720,82,4353,306,1,61,0
2020-10-27,Kodagu,43,4763,16,4369,333,0,61,0
2020-10-28,Kodagu,15,4778,55,4424,291,2,63,0
2020-10-29,Kodagu,13,4791,52,4476,252,0,63,0
2020-10-30,Kodagu,48,4839,40,4516,260,0,63,0
2020-10-31,Kodagu,17,4856,70,4586,207,0,63,0
2020-12-01,Kodagu,9,5307,7,5159,80,0,68,0
2020-12-02,Kodagu,7,5314,26,5185,61,0,68,0
2020-12-03,Kodagu,7,5321,14,5199,54,0,68,0
2020-12-04,Kodagu,18,5339,9,5208,63,0,68,0
2020-12-05,Kodagu,18,5357,2,5210,79,0,68,0
2020-12-06,Kodagu,22,5379,8,5218,93,0,68,0
2020-12-07,Kodagu,1,5380,9,5227,85,0,68,0
2020-12-08,Kodagu,5,5385,11,5238,79,0,68,0
2020-12-09,Kodagu,8,5393,14,5252,73,0,68,0
2020-12-10,Kodagu,13,5406,7,5259,79,0,68,0
2020-12-11,Kodagu,16,5422,22,5281,73,0,68,0
2020-12-12,Kodagu,19,5441,11,5292,81,0,68,0
2020-12-13,Kodagu,30,5471,6,5298,105,0,68,0
2020-12-14,Kodagu,34,5505,8,5306,131,0,68,0
2020-12-15,Kodagu,7,5512,2,5308,135,1,69,0
2020-12-16,Kodagu,46,5558,15,5323,166,0,69,0
2020-12-17,Kodagu,17,5575,18,5341,165,0,69,0
2020-12-18,Kodagu,9,5584,30,5371,143,1,70,0
2020-12-19,Kodagu,17,5601,15,5386,145,0,70,0
2020-12-20,Kodagu,17,5618,19,5405,143,0,70,0
2020-12-21,Kodagu,13,5631,10,5415,146,0,70,0
2020-12-22,Kodagu,18,5649,27,5442,136,1,71,0
2020-12-23,Kodagu***,1,5650,25,5467,113,0,70,0
2020-12-24,Kodagu,6,5656,5,5472,114,0,70,0
2020-12-25,Kodagu,5,5661,36,5508,83,0,70,0
2020-12-26,Kodagu,14,5675,21,5529,76,0,70,0
2020-12-27,Kodagu,7,5682,9,5538,74,0,70,0
2020-12-28,Kodagu,27,5709,12,5550,88,1,71,0
2020-12-29,Kodagu,1,5710,5,5555,84,0,71,0
2020-12-30,Kodagu,18,5728,9,5564,93,0,71,0
2020-12-31,Kodagu,14,5742,8,5572,99,0,71,0
2021-01-01,Kodagu,7,5749,5,5577,101,0,71,0
2021-01-02,Kodagu,12,5761,10,5587,103,0,71,0
2021-01-03,Kodagu,14,5775,6,5593,111,0,71,0
2021-01-04,Kodagu,2,5777,13,5606,100,0,71,0
2021-01-05,Kodagu,8,5785,31,5637,77,0,71,0
2021-01-06,Kodagu,12,5797,14,5651,75,0,71,0
2021-01-07,Kodagu,8,5805,15,5666,68,0,71,0
2021-01-08,Kodagu,14,5819,8,5674,74,0,71,0
2021-01-09,Kodagu,3,5822,12,5686,65,0,71,0
2021-01-10,Kodagu,15,5837,6,5692,74,0,71,0
2021-01-11,Kodagu,12,5849,9,5701,77,0,71,0
2021-01-12,Kodagu,4,5853,4,5705,77,0,71,0
2021-01-13,Kodagu,9,5862,4,5709,82,0,71,0
2021-01-14,Kodagu,16,5878,5,5714,93,0,71,0
2021-01-15,Kodagu,9,5887,8,5722,94,0,71,0
2021-01-16,Kodagu,4,5891,5,5727,93,0,71,0
2021-01-17,Kodagu,7,5898,7,5734,93,0,71,0
2021-01-18,Kodagu,14,5912,15,5749,91,1,72,0
2021-01-19,Kodagu,6,5918,7,5756,90,0,72,0
2021-01-20,Kodagu,4,5922,12,5768,82,0,72,0
2021-01-21,Kodagu,5,5927,10,5778,77,0,72,0
2021-01-22,Kodagu,5,5932,11,5789,71,0,72,0
2021-01-23,Kodagu,9,5941,9,5798,71,0,72,0
2021-01-24,Kodagu,5,5946,7,5805,69,0,72,0
2021-01-25,Kodagu,3,5949,7,5812,65,0,72,0
2021-01-26,Kodagu,6,5955,10,5822,61,0,72,0
2021-01-27,Kodagu,14,5969,8,5830,67,0,72,0
2021-01-28,Kodagu,22,5991,8,5838,81,0,72,0
2021-01-29,Kodagu,7,5998,10,5848,78,0,72,0
2021-01-30,Kodagu,3,6001,6,5854,75,0,72,0
2021-01-31,Kodagu,7,6008,6,5860,76,0,72,0
2021-02-01,Kodagu,27,6035,4,5864,99,0,72,0
2021-02-02,Kodagu,10,6045,4,5868,105,0,72,0
2021-02-03,Kodagu,6,6051,6,5874,105,0,72,0
2021-02-04,Kodagu,6,6057,3,5877,108,0,72,0
2021-02-05,Kodagu,10,6067,2,5879,116,0,72,0
2021-02-06,Kodagu,9,6076,6,5885,119,0,72,0
2021-02-07,Kodagu,7,6083,29,5914,97,0,72,0
2021-02-08,Kodagu,1,6084,21,5935,77,0,72,0
2021-02-09,Kodagu,2,6086,8,5943,71,0,72,0
2021-02-10,Kodagu,11,6097,13,5956,69,0,72,0
2021-02-11,Kodagu,6,6103,4,5960,71,0,72,0
2021-02-12,Kodagu,0,6103,3,5963,68,0,72,0
2021-02-13,Kodagu,6,6109,5,5968,69,0,72,0
2021-02-14,Kodagu,2,6111,7,5975,64,0,72,0
2021-02-15,Kodagu,0,6111,9,5984,55,0,72,0
2021-02-16,Kodagu,4,6115,9,5993,50,0,72,0
2021-02-17,Kodagu,3,6118,5,5998,48,0,72,0
2021-02-18,Kodagu,0,6118,8,6006,40,0,72,0
2021-02-19,Kodagu,2,6120,6,6012,35,1,73,0
2021-02-20,Kodagu,3,6123,2,6014,36,0,73,0
2021-02-21,Kodagu,3,6126,1,6015,38,0,73,0
2021-02-22,Kodagu,3,6129,2,6017,39,0,73,0
2021-02-23,Kodagu,3,6132,4,6021,38,0,73,0
2021-02-24,Kodagu,1,6133,1,6022,38,0,73,0
2021-02-25,Kodagu,7,6140,1,6023,44,0,73,0
2021-02-26,Kodagu,4,6144,1,6024,47,0,73,0
2021-02-27,Kodagu,4,6148,2,6026,49,0,73,0
2021-02-28,Kodagu,6,6154,0,6026,55,0,73,0
2021-03-01,Kodagu,4,6158,1,6027,58,0,73,0
2021-03-02,Kodagu,1,6159,5,6032,54,0,73,0
2021-03-03,Kodagu,8,6167,2,6034,60,0,73,0
2021-03-04,Kodagu,5,6172,3,6037,62,0,73,0
2021-03-05,Kodagu,2,6174,6,6043,58,0,73,0
2021-03-06,Kodagu,9,6183,4,6047,63,0,73,0
2021-03-07,Kodagu,4,6187,4,6051,63,0,73,0
2021-03-08,Kodagu,2,6189,6,6057,59,0,73,0
2021-03-09,Kodagu,1,6190,4,6061,56,0,73,0
2021-03-10,Kodagu,6,6196,4,6065,58,0,73,0
2021-03-11,Kodagu,5,6201,11,6076,52,0,73,0
2021-03-12,Kodagu,3,6204,5,6081,50,0,73,0
2021-03-13,Kodagu,5,6209,4,6085,51,0,73,0
2021-03-14,Kodagu,6,6215,4,6089,53,0,73,0
2021-03-15,Kodagu,4,6219,1,6090,56,0,73,0
2021-03-16,Kodagu,2,6221,0,6090,58,0,73,0
2021-03-17,Kodagu,2,6223,6,6096,54,0,73,0
2021-03-18,Kodagu,2,6225,6,6102,50,0,73,0
2021-03-19,Kodagu,4,6229,8,6110,46,0,73,0
2021-03-20,Kodagu,3,6232,1,6111,48,0,73,0
2021-03-21,Kodagu,9,6241,3,6114,54,0,73,0
2021-03-22,Kodagu,23,6264,6,6120,71,0,73,0
2021-03-23,Kodagu,19,6283,4,6124,86,0,73,0
2021-03-24,Kodagu,15,6298,2,6126,99,0,73,0
2021-03-25,Kodagu,11,6309,3,6129,107,0,73,0
2021-03-26,Kodagu,6,6315,26,6155,87,0,73,0
2021-03-27,Kodagu,7,6322,10,6165,84,0,73,0
2021-03-28,Kodagu,14,6336,14,6179,84,0,73,0
2021-03-29,Kodagu,2,6338,21,6200,65,0,73,0
2021-03-30,Kodagu,1,6339,6,6206,60,0,73,0
2021-03-31,Kodagu,18,6357,12,6218,66,0,73,0
2021-04-01,Kodagu,23,6380,13,6231,76,0,73,0
2021-04-02,Kodagu,3,6383,8,6239,71,0,73,0
2021-04-03,Kodagu,11,6394,10,6249,72,0,73,0
2021-04-04,Kodagu,14,6408,10,6259,76,0,73,0
2021-04-05,Kodagu,15,6423,11,6270,80,0,73,0
2021-04-06,Kodagu,22,6445,3,6273,99,0,73,0
2021-04-07,Kodagu,10,6455,3,6276,106,0,73,0
2021-04-08,Kodagu,19,6474,11,6287,114,0,73,0
2021-04-09,Kodagu,19,6493,15,6302,118,0,73,0
2021-04-10,Kodagu,20,6513,15,6317,123,0,73,0
2021-04-11,Kodagu,39,6552,13,6330,149,0,73,0
2021-04-12,Kodagu,24,6576,10,6340,163,0,73,0
2021-04-13,Kodagu,14,6590,26,6366,151,0,73,0
2021-04-14,Kodagu,23,6613,10,6376,164,0,73,0
2021-04-15,Kodagu,66,6679,22,6398,208,0,73,0
2021-04-16,Kodagu,33,6712,9,6407,232,0,73,0
2021-04-17,Kodagu,58,6770,8,6415,282,0,73,0
2021-04-18,Kodagu,44,6814,17,6432,309,0,73,0
2021-04-19,Kodagu,97,6911,28,6460,377,1,74,0
2021-04-20,Kodagu,65,6976,17,6477,424,1,75,0
2021-04-21,Kodagu,141,7117,6,6483,558,1,76,0
2021-04-22,Kodagu,156,7273,23,6506,689,2,78,0
2021-04-23,Kodagu,295,7568,35,6541,949,0,78,0
2021-04-24,Kodagu,196,7764,68,6609,1075,2,80,0
2021-04-25,Kodagu,1077,8841,63,6672,2089,0,80,0
2021-04-26,Kodagu,311,9152,74,6746,2326,0,80,0
2021-04-27,Kodagu,373,9525,85,6831,2614,0,80,0
2021-04-28,Kodagu,388,9913,59,6890,2943,0,80,0
2021-04-29,Kodagu,537,10450,77,6967,3403,0,80,0
2021-04-30,Kodagu,609,11059,331,7298,3676,5,85,0
2021-05-01,Kodagu,590,11649,241,7539,4022,3,88,0
2021-05-02,Kodagu,246,11895,274,7813,3992,2,90,0
2021-05-03,Kodagu,628,12523,422,8235,4198,0,90,0
2021-05-04,Kodagu,743,13266,307,8542,4629,5,95,0
2021-05-05,Kodagu,768,14034,219,8761,5178,0,95,0
2021-05-06,Kodagu,697,14731,245,9006,5618,12,107,0
2021-05-07,Kodagu,622,15353,870,9876,5360,10,117,0
2021-05-08,Kodagu,765,16118,793,10669,5328,4,121,0
2021-05-09,Kodagu,576,16694,613,11282,5284,7,128,0
2021-05-10,Kodagu,534,17228,596,11878,5213,9,137,0
2021-05-11,Kodagu,892,18120,641,12519,5457,7,144,0
2021-05-12,Kodagu,678,18798,297,12816,5828,10,154,0
2021-05-13,Kodagu,425,19223,661,13477,5587,5,159,0
2021-05-14,Kodagu,539,19762,670,14147,5448,8,167,0
2021-05-15,Kodagu,483,20245,645,14792,5282,4,171,0
2021-05-16,Kodagu,191,20436,689,15481,4776,8,179,0
2021-05-17,Kodagu,442,20878,559,16040,4655,4,183,0
2021-05-18,Kodagu,161,21039,683,16723,4130,3,186,0
2021-05-19,Kodagu,197,21236,282,17005,4042,3,189,0
2021-05-20,Kodagu,439,21675,470,17475,4009,2,191,0
2021-05-21,Kodagu,512,22187,491,17966,4025,5,196,0
2021-05-22,Kodagu,345,22532,1795,19761,2572,3,199,0
2021-05-23,Kodagu,329,22861,435,20196,2463,3,202,0
2021-05-24,Kodagu,251,23112,327,20523,2383,4,206,0
2021-05-25,Kodagu,213,23325,233,20756,2360,3,209,0
2021-05-26,Kodagu,296,23621,105,20861,2550,1,210,0
2021-05-27,Kodagu,337,23958,348,21209,2536,3,213,0
2021-05-28,Kodagu,245,24203,325,21534,2454,2,215,0
2021-05-29,Kodagu,333,24536,323,21857,2460,4,219,0
2021-05-30,Kodagu,271,24807,319,22176,2409,3,222,0
2021-05-31,Kodagu,193,25000,346,22522,2255,1,223,0
2021-06-01,Kodagu,162,25162,310,22832,2103,4,227,0
2021-06-02,Kodagu,298,25460,116,22948,2284,1,228,0
2021-06-03,Kodagu,310,25770,304,23252,2289,1,229,0
2021-06-04,Kodagu,388,26158,283,23535,2394,0,229,0
2021-06-05,Kodagu,255,26413,199,23734,2448,2,231,0
2021-06-06,Kodagu,162,26575,239,23973,2367,4,235,0
2021-06-07,Kodagu,230,26805,267,24240,2329,1,236,0
2021-06-08,Kodagu,196,27001,252,24492,2270,3,239,0
2021-06-09,Kodagu,216,27217,110,24602,2376,0,239,0
2021-06-10,Kodagu,279,27496,231,24833,2422,2,241,0
2021-06-11,Kodagu,189,27685,258,25091,2352,1,242,0
2021-06-12,Kodagu,194,27879,241,25332,2303,2,244,0
2021-06-13,Kodagu,125,28004,159,25491,2268,1,245,0
2021-06-14,Kodagu,110,28114,191,25682,2184,3,248,0
2021-06-15,Kodagu,64,28178,472,26154,1774,2,250,0
2021-06-16,Kodagu,116,28294,314,26468,1574,2,252,0
2021-06-17,Kodagu,152,28446,199,26667,1527,0,252,0
2021-06-18,Kodagu,147,28593,223,26890,1451,0,252,0
2021-06-19,Kodagu,135,28728,205,27095,1380,1,253,0
2021-06-20,Kodagu,137,28865,170,27265,1346,1,254,0
2021-06-21,Kodagu,206,29071,67,27332,1483,2,256,0
2021-06-22,Kodagu,161,29232,124,27456,1518,2,258,0
2021-06-23,Kodagu,152,29384,92,27548,1577,1,259,0
2021-06-24,Kodagu,115,29499,124,27672,1566,2,261,0
2021-06-25,Kodagu,183,29682,115,27787,1633,1,262,0
2021-06-26,Kodagu,160,29842,132,27919,1660,1,263,0
2021-06-27,Kodagu,115,29957,60,27979,1713,2,265,0
