Date,District Name,Today’s Positives,Total Positives,Today’s Discharges,Total Discharges,Total Active Cases,Today’s Reported Covid Deaths,Total Covid Deaths,Death due to Non- Covid reasons
2020-07-01,Mandya,5,421,2,340,81,0,0,0
2020-07-02,Mandya,19,440,12,352,88,0,0,0
2020-07-03,Mandya,33,473,2,354,119,0,0,0
2020-07-04,Mandya,35,508,0,354,154,0,0,0
2020-07-05,Mandya,10,518,13,367,151,0,0,0
2020-07-06,Mandya,39,557,0,367,190,0,0,0
2020-07-07,Mandya,29,586,14,381,205,0,0,0
2020-07-08,Mandya,20,606,0,381,225,0,0,0
2020-07-10,Mandya,31,661,35,431,230,0,0,0
2020-07-11,Mandya,23,684,32,463,221,0,0,0
2020-07-12,Mandya,4,688,0,463,225,0,0,0
2020-07-13,Mandya,30,718,42,505,213,0,0,0
2020-07-14,Mandya,38,756,28,533,223,0,0,0
2020-07-15,Mandya,31,787,19,552,234,1,1,0
2020-07-16,Mandya,11,798,27,579,217,1,2,0
2020-07-17,Mandya,22,820,0,579,237,2,4,0
2020-07-19,Mandya,7,869,30,609,253,2,7,0
2020-07-20,Mandya,41,910,0,609,294,0,7,0
2020-07-21,Mandya,13,923,86,695,221,0,7,0
2020-07-22,Mandya,37,960,0,695,258,0,7,0
2020-07-23,Mandya,50,1010,5,700,301,2,9,0
2020-07-24,Mandya,57,1067,39,739,319,0,9,0
2020-07-25,Mandya,60,1127,44,783,335,0,9,0
2020-07-26,Mandya,64,1191,25,808,373,1,10,0
2020-07-27,Mandya,56,1247,0,808,429,0,10,0
2020-07-28,Mandya,96,1343,56,864,469,0,10,0
2020-07-29,Mandya,70,1413,0,864,539,0,10,0
2020-07-30,Mandya,87,1500,50,914,576,0,10,0
2020-07-31,Mandya,65,1565,42,956,599,0,10,0
2020-08-01,Mandya,95,1660,27,983,666,1,11,0
2020-08-02,Mandya,97,1757,26,1009,734,3,14,0
2020-08-03,Mandya,152,1909,44,1053,842,0,14,0
2020-08-04,Mandya,126,2035,40,1093,926,2,16,0
2020-08-05,Mandya,123,2158,90,1183,956,3,19,0
2020-08-06,Mandya,134,2292,63,1246,1026,1,20,0
2020-08-07,Mandya,102,2394,19,1265,1109,0,20,0
2020-08-08,Mandya,101,2495,50,1315,1159,1,21,0
2020-08-09,Mandya,63,2558,34,1349,1187,1,22,0
2020-08-10,Mandya,66,2624,0,1349,1251,2,24,0
2020-08-11,Mandya,141,2765,37,1386,1353,2,26,0
2020-08-12,Mandya,121,2886,135,1521,1336,3,29,0
2020-08-13,Mandya,130,3016,169,1690,1295,2,31,0
2020-08-14,Mandya,163,3179,65,1755,1392,1,32,0
2020-08-15,Mandya,84,3263,36,1791,1439,1,33,0
2020-08-16,Mandya,91,3354,109,1900,1418,3,36,0
2020-08-17,Mandya,26,3380,82,1982,1361,1,37,0
2020-08-18,Mandya,174,3554,130,2112,1403,2,39,0
2020-08-19,Mandya,185,3739,81,2193,1507,0,39,0
2020-08-20,Mandya,109,3848,93,2286,1523,0,39,0
2020-08-21,Mandya,99,3947,64,2350,1557,1,40,0
2020-08-22,Mandya,146,4093,72,2422,1629,2,42,0
2020-08-23,Mandya,51,4144,139,2561,1539,2,44,0
2020-08-24,Mandya,82,4226,86,2647,1534,1,45,0
2020-08-25,Mandya,153,4379,137,2784,1548,2,47,0
2020-08-26,Mandya,155,4534,210,2994,1491,2,49,0
2020-08-27,Mandya,197,4731,254,3248,1432,2,51,0
2020-08-28,Mandya,188,4919,86,3334,1532,2,53,0
2020-08-29,Mandya,194,5113,223,3557,1500,3,56,0
2020-08-30,Mandya,179,5292,117,3674,1560,2,58,0
2020-08-31,Mandya,159,5451,61,3735,1654,4,62,0
2020-09-01,Mandya,197,5648,100,3835,1750,1,63,0
2020-09-02,Mandya,245,5893,154,3989,1839,2,65,0
2020-09-03,Mandya,239,6132,50,4039,2028,0,65,0
2020-09-04,Mandya,168,6300,103,4142,2092,1,66,0
2020-09-06,Mandya,230,6776,49,4482,2223,1,71,0
2020-09-07,Mandya,169,6945,166,4651,2222,1,72,0
2020-09-08,Mandya,273,7218,410,5061,2081,4,76,0
2020-09-09,Mandya,224,7442,127,5188,2175,3,79,0
2020-09-10,Mandya,249,7691,251,5439,2170,3,82,0
2020-09-11,Mandya,131,7822,105,5544,2192,4,86,0
2020-09-12,Mandya,193,8015,170,5714,2215,0,86,0
2020-09-13,Mandya,246,8261,277,5991,2184,0,86,0
2020-09-14,Mandya,109,8370,180,6171,2112,1,87,0
2020-09-15,Mandya,200,8570,360,6531,1952,0,87,0
2020-09-16,Mandya,182,8752,0,6531,2133,0,88,0
2020-09-17,Mandya,86,8838,0,6531,2219,0,88,0
2020-09-18,Mandya,69,8907,381,6912,1905,2,90,0
2020-09-19,Mandya,94,9001,412,7324,1585,2,92,0
2020-09-20,Mandya,165,9166,53,7377,1696,1,93,0
2020-09-21,Mandya,102,9268,424,7801,1372,2,95,0
2020-09-22,Mandya,134,9402,54,7855,1451,1,96,0
2020-09-23,Mandya,203,9605,23,7878,1631,0,96,0
2020-09-24,Mandya,86,9691,314,8192,1402,1,97,0
2020-09-25,Mandya,111,9802,96,8288,1416,1,98,0
2020-09-26,Mandya,255,10057,103,8391,1567,1,99,0
2020-09-27,Mandya,276,10333,65,8456,1777,1,100,0
2020-09-28,Mandya,209,10542,79,8535,1907,0,100,0
2020-09-29,Mandya,259,10801,55,8590,2109,2,102,0
2020-09-30,Mandya,244,11045,260,8850,2091,2,104,0
2020-10-01,Mandya,266,11311,376,9226,1979,2,106,0
2020-10-02,Mandya,257,11568,281,9507,1953,2,108,0
2020-10-03,Mandya,206,11774,237,9744,1920,2,110,0
2020-10-04,Mandya,233,12007,142,9886,2009,2,112,0
2020-10-05,Mandya,227,12234,327,10213,1907,2,114,0
2020-10-06,Mandya,197,12431,318,10531,1785,1,115,0
2020-10-07,Mandya,207,12638,141,10672,1851,0,115,0
2020-10-08,Mandya,206,12844,301,10973,1754,2,117,0
2020-10-09,Mandya,250,13094,248,11221,1755,1,118,0
2020-10-10,Mandya,248,13342,277,11498,1725,1,119,0
2020-10-11,Mandya,267,13609,192,11690,1799,1,120,0
2020-10-12,Mandya,124,13733,184,11874,1737,2,122,0
2020-10-13,Mandya,215,13948,119,11993,1831,2,124,0
2020-10-14,Mandya,212,14160,172,12165,1869,2,126,0
2020-10-15,Mandya,230,14390,215,12380,1882,2,128,0
2020-10-16,Mandya,246,14636,241,12621,1885,2,130,0
2020-10-17,Mandya,192,14828,240,12861,1834,3,133,0
2020-10-18,Mandya,308,15136,234,13095,1907,1,134,0
2020-10-19,Mandya,130,15266,244,13339,1791,2,136,0
2020-10-20,Mandya,108,15374,211,13550,1688,0,136,0
2020-10-21,Mandya,208,15582,104,13654,1792,0,136,0
2020-10-22,Mandya,191,15773,339,13993,1643,1,137,0
2020-10-24,Mandya,163,16104,214,14418,1548,0,138,0
2020-10-25,Mandya,86,16190,99,14517,1534,1,139,0
2020-10-26,Mandya,56,16246,289,14806,1300,1,140,0
2020-10-27,Mandya,123,16369,276,15082,1147,0,140,0
2020-10-28,Mandya,79,16448,89,15171,1137,0,140,0
2020-10-29,Mandya,115,16563,256,15427,996,0,140,0
2020-10-30,Mandya,125,16688,143,15570,977,1,141,0
2020-10-31,Mandya,89,16777,165,15735,901,0,141,0
2020-12-01,Mandya,40,18604,55,18186,272,0,146,0
2020-12-02,Mandya,52,18656,44,18230,280,0,146,0
2020-12-03,Mandya,75,18731,24,18254,331,0,146,0
2020-12-04,Mandya,53,18784,32,18286,352,0,146,0
2020-12-05,Mandya,24,18808,17,18303,358,1,147,0
2020-12-06,Mandya,41,18849,25,18328,374,0,147,0
2020-12-07,Mandya,20,18869,48,18376,346,0,147,0
2020-12-08,Mandya,18,18887,32,18408,332,0,147,0
2020-12-09,Mandya,40,18927,20,18428,352,0,147,0
2020-12-10,Mandya,46,18973,47,18475,351,0,147,0
2020-12-11,Mandya,26,18999,73,18548,304,0,147,0
2020-12-12,Mandya,25,19024,63,18611,266,0,147,0
2020-12-13,Mandya,15,19039,27,18638,254,0,147,0
2020-12-14,Mandya,21,19060,45,18683,230,0,147,0
2020-12-15,Mandya,19,19079,30,18713,219,0,147,0
2020-12-16,Mandya,32,19111,23,18736,228,0,147,0
2020-12-17,Mandya,31,19142,31,18767,228,0,147,0
2020-12-18,Mandya,29,19171,37,18804,220,0,147,0
2020-12-19,Mandya,30,19201,41,18845,209,0,147,0
2020-12-20,Mandya,34,19235,31,18876,212,0,147,0
2020-12-21,Mandya,24,19259,23,18899,213,0,147,0
2020-12-22,Mandya,10,19269,14,18913,209,0,147,0
2020-12-23,Mandya,15,19284,15,18928,209,0,147,0
2020-12-24,Mandya,16,19300,23,18951,202,0,147,0
2020-12-25,Mandya,24,19324,38,18989,188,0,147,0
2020-12-26,Mandya,17,19341,37,19026,168,0,147,0
2020-12-27,Mandya,19,19360,28,19054,159,0,147,0
2020-12-28,Mandya,26,19386,30,19084,155,0,147,0
2020-12-29,Mandya,14,19400,20,19104,149,0,147,0
2020-12-30,Mandya,18,19418,13,19117,154,0,147,0
2020-12-31,Mandya,14,19432,21,19138,147,0,147,0
2021-01-01,Mandya,13,19445,6,19144,154,0,147,0
2021-01-02,Mandya,15,19460,18,19162,151,0,147,0
2021-01-03,Mandya,11,19471,23,19185,139,0,147,0
2021-01-04,Mandya,9,19480,17,19202,131,0,147,0
2021-01-05,Mandya,8,19488,20,19222,119,0,147,0
2021-01-06,Mandya,13,19501,16,19238,116,0,147,0
2021-01-07,Mandya,7,19508,23,19261,100,0,147,0
2021-01-08,Mandya,26,19534,12,19273,114,0,147,0
2021-01-09,Mandya,6,19540,18,19291,102,0,147,0
2021-01-10,Mandya,3,19543,17,19308,88,0,147,0
2021-01-11,Mandya,4,19547,15,19323,77,0,147,0
2021-01-12,Mandya,13,19560,12,19335,78,0,147,0
2021-01-13,Mandya,2,19562,3,19338,77,0,147,0
2021-01-14,Mandya,2,19564,12,19350,67,0,147,0
2021-01-15,Mandya,7,19571,18,19368,56,0,147,0
2021-01-16,Mandya,10,19581,19,19387,46,1,148,0
2021-01-17,Mandya,5,19586,7,19394,44,0,148,0
2021-01-18,Mandya,5,19591,3,19397,46,0,148,0
2021-01-19,Mandya,15,19606,8,19405,52,1,149,0
2021-01-20,Mandya,7,19613,4,19409,54,1,150,0
2021-01-21,Mandya,6,19619,8,19417,52,0,150,0
2021-01-22,Mandya,3,19622,7,19424,48,0,150,0
2021-01-23,Mandya,9,19631,6,19430,51,0,150,0
2021-01-24,Mandya,5,19636,5,19435,51,0,150,0
2021-01-25,Mandya,3,19639,9,19444,45,0,150,0
2021-01-26,Mandya,8,19647,4,19448,49,0,150,0
2021-01-27,Mandya,8,19655,2,19450,55,0,150,0
2021-01-28,Mandya,4,19659,10,19460,49,0,150,0
2021-01-29,Mandya,1,19660,7,19467,42,1,151,0
2021-01-30,Mandya,1,19661,6,19473,37,0,151,0
2021-01-31,Mandya,3,19664,5,19478,35,0,151,0
2021-02-01,Mandya,6,19670,5,19483,36,0,151,0
2021-02-02,Mandya,3,19673,4,19487,35,0,151,0
2021-02-03,Mandya,7,19680,7,19494,35,0,151,0
2021-02-04,Mandya,1,19681,5,19499,31,0,151,0
2021-02-05,Mandya,7,19688,5,19504,33,0,151,0
2021-02-06,Mandya,3,19691,4,19508,32,0,151,0
2021-02-07,Mandya,4,19695,1,19509,35,0,151,0
2021-02-08,Mandya,6,19701,2,19511,39,0,151,0
2021-02-09,Mandya,1,19702,5,19516,35,0,151,0
2021-02-10,Mandya,2,19704,5,19521,32,0,151,0
2021-02-11,Mandya,6,19710,9,19530,29,0,151,0
2021-02-12,Mandya,9,19719,4,19534,34,0,151,0
2021-02-13,Mandya,2,19721,3,19537,33,0,151,0
2021-02-14,Mandya,10,19731,8,19545,35,0,151,0
2021-02-15,Mandya,19,19750,4,19549,50,0,151,0
2021-02-16,Mandya,1,19751,11,19560,40,0,151,0
2021-02-17,Mandya,3,19754,1,19561,42,0,151,0
2021-02-18,Mandya,6,19760,2,19563,46,0,151,0
2021-02-19,Mandya,4,19764,2,19565,48,0,151,0
2021-02-20,Mandya,3,19767,8,19573,43,0,151,0
2021-02-21,Mandya,1,19768,5,19578,39,0,151,0
2021-02-22,Mandya,4,19772,12,19590,31,0,151,0
2021-02-23,Mandya,2,19774,4,19594,29,0,151,0
2021-02-24,Mandya,5,19779,3,19597,31,0,151,0
2021-02-25,Mandya,4,19783,3,19600,31,1,152,0
2021-02-26,Mandya,3,19786,5,19605,29,0,152,0
2021-02-27,Mandya,4,19790,5,19610,28,0,152,0
2021-02-28,Mandya,1,19791,3,19613,26,0,152,0
2021-03-01,Mandya,2,19793,8,19621,20,0,152,0
2021-03-02,Mandya,5,19798,1,19622,24,0,152,0
2021-03-03,Mandya,4,19802,5,19627,23,0,152,0
2021-03-04,Mandya,2,19804,5,19632,20,0,152,0
2021-03-05,Mandya,4,19808,3,19635,21,0,152,0
2021-03-06,Mandya,2,19810,2,19637,21,0,152,0
2021-03-07,Mandya,3,19813,2,19639,22,0,152,0
2021-03-08,Mandya,3,19816,2,19641,23,0,152,0
2021-03-09,Mandya,3,19819,0,19641,26,0,152,0
2021-03-10,Mandya,4,19823,1,19642,29,0,152,0
2021-03-11,Mandya,2,19825,2,19644,29,0,152,0
2021-03-12,Mandya,2,19827,5,19649,26,0,152,0
2021-03-13,Mandya,3,19830,3,19652,26,0,152,0
2021-03-14,Mandya,1,19831,3,19655,24,0,152,0
2021-03-15,Mandya,13,19844,3,19658,34,0,152,0
2021-03-16,Mandya,6,19850,7,19665,33,0,152,0
2021-03-17,Mandya,16,19866,0,19665,49,0,152,0
2021-03-18,Mandya,13,19879,3,19668,59,0,152,0
2021-03-19,Mandya,25,19904,2,19670,82,0,152,0
2021-03-20,Mandya,18,19922,7,19677,93,0,152,0
2021-03-21,Mandya,15,19937,4,19681,104,0,152,0
2021-03-22,Mandya,28,19965,9,19690,123,0,152,0
2021-03-23,Mandya,11,19976,2,19692,132,0,152,0
2021-03-24,Mandya,15,19991,3,19695,144,0,152,0
2021-03-25,Mandya,43,20034,24,19719,163,0,152,0
2021-03-26,Mandya,34,20068,18,19737,178,1,153,0
2021-03-27,Mandya,16,20084,25,19762,169,0,153,0
2021-03-28,Mandya,34,20118,11,19773,192,0,153,0
2021-03-29,Mandya,41,20159,21,19794,211,1,154,0
2021-03-30,Mandya,34,20193,14,19808,230,1,155,0
2021-03-31,Mandya,39,20232,20,19828,249,0,155,0
2021-04-01,Mandya,67,20299,22,19850,293,1,156,0
2021-04-02,Mandya,58,20357,27,19877,324,0,156,0
2021-04-03,Mandya,36,20393,26,19903,332,2,158,0
2021-04-04,Mandya,79,20472,32,19935,379,0,158,0
2021-04-05,Mandya,48,20520,32,19967,394,1,159,0
2021-04-06,Mandya,102,20622,40,20007,455,1,160,0
2021-04-07,Mandya,58,20680,37,20044,476,0,160,0
2021-04-08,Mandya,29,20709,58,20102,445,2,162,0
2021-04-09,Mandya,104,20813,50,20152,498,1,163,0
2021-04-10,Mandya,119,20932,73,20225,544,0,163,0
2021-04-11,Mandya,51,20983,69,20294,526,0,163,0
2021-04-12,Mandya,86,21069,40,20334,572,0,163,0
2021-04-13,Mandya,114,21183,87,20421,599,0,163,0
2021-04-14,Mandya,85,21268,35,20456,649,0,163,0
2021-04-15,Mandya,211,21479,66,20522,794,0,163,0
2021-04-16,Mandya,137,21616,76,20598,854,1,164,0
2021-04-17,Mandya,223,21839,90,20688,986,1,165,0
2021-04-18,Mandya,338,22177,82,20770,1241,1,166,0
2021-04-19,Mandya,279,22456,71,20841,1449,0,166,0
2021-04-20,Mandya,413,22869,113,20954,1747,2,168,0
2021-04-21,Mandya,492,23361,62,21016,2175,2,170,0
2021-04-22,Mandya,385,23746,221,21237,2335,4,174,0
2021-04-23,Mandya,519,24265,141,21378,2709,4,178,0
2021-04-24,Mandya,688,24953,216,21594,3178,3,181,0
2021-04-25,Mandya,814,25767,408,22002,3581,3,184,0
2021-04-26,Mandya,929,26696,355,22357,4146,9,193,0
2021-04-27,Mandya,737,27433,435,22792,4448,0,193,0
2021-04-28,Mandya,935,28368,316,23108,5058,9,202,0
2021-04-29,Mandya,939,29307,791,23899,5197,9,211,0
2021-04-30,Mandya,1348,30655,814,24713,5726,5,216,0
2021-05-01,Mandya,1235,31890,829,25542,6132,0,216,0
2021-05-02,Mandya,653,32543,835,26377,5945,5,221,0
2021-05-03,Mandya,1367,33910,933,27310,6379,0,221,0
2021-05-04,Mandya,1506,35416,757,28067,7122,6,227,0
2021-05-05,Mandya,1621,37037,410,28477,8314,19,246,0
2021-05-06,Mandya,1301,38338,1191,29668,8422,2,248,0
2021-05-07,Mandya,1110,39448,1384,31052,8137,11,259,0
2021-05-08,Mandya,1225,40673,1327,32379,8028,7,266,0
2021-05-09,Mandya,1959,42632,1627,34006,8351,9,275,0
2021-05-10,Mandya,1133,43765,1345,35351,8127,12,287,0
2021-05-11,Mandya,1359,45124,1254,36605,8229,3,290,0
2021-05-12,Mandya,1223,46347,941,37546,8501,10,300,0
2021-05-13,Mandya,1153,47500,1400,38946,8243,11,311,0
2021-05-14,Mandya,1385,48885,1214,40160,8401,13,324,0
2021-05-15,Mandya,1188,50073,1202,41362,8377,10,334,0
2021-05-16,Mandya,709,50782,1196,42558,7875,15,349,0
2021-05-17,Mandya,1087,51869,1310,43868,7642,10,359,0
2021-05-18,Mandya,606,52475,985,44853,7259,4,363,0
2021-05-19,Mandya,730,53205,621,45474,7359,9,372,0
2021-05-20,Mandya,734,53939,1120,46594,6963,10,382,0
2021-05-21,Mandya,296,54235,964,47558,6286,9,391,0
2021-05-22,Mandya,798,55033,852,48410,6225,7,398,0
2021-05-23,Mandya,643,55676,1040,49450,5815,13,411,0
2021-05-24,Mandya,888,56564,893,50343,5806,4,415,0
2021-05-25,Mandya,244,56808,1004,51347,5040,6,421,0
2021-05-26,Mandya,805,57613,431,51778,5409,5,426,0
2021-05-27,Mandya,755,58368,681,52459,5479,4,430,0
2021-05-28,Mandya,825,59193,673,53132,5624,7,437,0
2021-05-29,Mandya,453,59646,444,53576,5629,4,441,0
2021-05-30,Mandya,643,60289,670,54246,5598,4,445,0
2021-05-31,Mandya,753,61042,717,54963,5631,3,448,0
2021-06-01,Mandya,337,61379,512,55475,5453,3,451,0
2021-06-02,Mandya,711,62090,136,55611,6026,2,453,0
2021-06-03,Mandya,623,62713,562,56173,6073,14,467,0
2021-06-04,Mandya,526,63239,1336,57509,5261,2,469,0
2021-06-05,Mandya,562,63801,681,58190,5137,5,474,0
2021-06-06,Mandya,571,64372,639,58829,5069,0,474,0
2021-06-07,Mandya,597,64969,884,59713,4779,3,477,0
2021-06-08,Mandya,387,65356,639,60352,4524,3,480,0
2021-06-09,Mandya,397,65753,349,60701,4572,0,480,0
2021-06-10,Mandya,448,66201,632,61333,4384,4,484,0
2021-06-11,Mandya,366,66567,444,61777,4304,2,486,0
2021-06-12,Mandya,320,66887,602,62379,4021,1,487,0
2021-06-13,Mandya,467,67354,543,62922,3945,0,487,0
2021-06-14,Mandya,256,67610,546,63468,3652,3,490,0
2021-06-15,Mandya,213,67823,533,64001,3330,2,492,0
2021-06-16,Mandya,317,68140,287,64288,3353,7,499,0
2021-06-17,Mandya,309,68449,485,64773,3174,3,502,0
2021-06-18,Mandya,249,68698,431,65204,2989,3,505,0
2021-06-19,Mandya,208,68906,507,65711,2682,8,513,0
2021-06-20,Mandya,131,69037,414,66125,2391,8,521,0
2021-06-21,Mandya,154,69191,305,66430,2238,2,523,0
2021-06-22,Mandya,124,69315,358,66788,1996,8,531,0
2021-06-23,Mandya,110,69425,283,67071,1820,3,534,0
2021-06-24,Mandya,137,69562,310,67381,1646,1,535,0
2021-06-25,Mandya,119,69681,256,67637,1506,3,538,0
2021-06-26,Mandya,134,69815,235,67872,1404,1,539,0
2021-06-27,Mandya,109,69924,215,68087,1296,2,541,0
