Date,District Name,Today’s Positives,Total Positives,Today’s Discharges,Total Discharges,Total Active Cases,Today’s Reported Covid Deaths,Total Covid Deaths,Death due to Non- Covid reasons
2020-07-01,Raichuru,12,500,6,403,95,0,2,0
2020-07-02,Raichuru,11,511,1,404,105,0,2,0
2020-07-03,Raichuru,7,518,0,404,111,1,3,0
2020-07-04,Raichuru,41,559,18,422,134,0,3,0
2020-07-05,Raichuru,10,569,0,422,144,0,3,0
2020-07-06,Raichuru,6,575,0,422,150,0,3,0
2020-07-07,Raichuru,23,598,16,438,157,0,3,0
2020-07-08,Raichuru,17,615,4,442,167,3,6,0
2020-07-10,Raichuru,25,656,20,462,187,1,7,0
2020-07-11,Raichuru,14,670,3,465,197,1,8,0
2020-07-12,Raichuru,48,718,0,465,245,0,8,0
2020-07-13,Raichuru,45,763,10,475,280,0,8,0
2020-07-14,Raichuru,25,788,0,475,303,2,10,0
2020-07-15,Raichuru,26,814,8,483,319,2,12,0
2020-07-16,Raichuru,101,915,52,535,368,0,12,0
2020-07-17,Raichuru,33,948,8,543,392,1,13,0
2020-07-19,Raichuru,32,996,43,612,371,0,13,0
2020-07-20,Raichuru,3,999,9,621,365,0,13,0
2020-07-21,Raichuru,4,1003,59,680,310,0,13,0
2020-07-22,Raichuru,135,1138,12,692,431,2,15,0
2020-07-23,Raichuru,258,1396,27,719,660,2,17,0
2020-07-24,Raichuru,107,1503,32,751,734,1,18,0
2020-07-25,Raichuru,68,1571,43,794,759,0,18,0
2020-07-26,Raichuru,131,1702,22,816,868,0,18,0
2020-07-27,Raichuru,120,1822,142,958,844,2,20,0
2020-07-28,Raichuru,93,1915,131,1089,805,1,21,0
2020-07-29,Raichuru,73,1988,31,1120,845,2,23,0
2020-07-30,Raichuru,166,2154,191,1311,820,0,23,0
2020-07-31,Raichuru,119,2273,46,1356,892,2,25,0
2020-08-01,Raichuru,109,2382,115,1471,886,0,25,0
2020-08-02,Raichuru,212,2594,153,1624,943,2,27,0
2020-08-03,Raichuru,115,2709,141,1765,916,1,28,0
2020-08-04,Raichuru,144,2853,116,1881,942,2,30,0
2020-08-05,Raichuru,91,2944,110,1991,921,2,32,0
2020-08-06,Raichuru,181,3125,62,2053,1038,2,34,0
2020-08-07,Raichuru,171,3296,73,2126,1134,2,36,0
2020-08-08,Raichuru,295,3591,74,2200,1353,2,38,0
2020-08-09,Raichuru,202,3793,117,2317,1436,2,40,0
2020-08-10,Raichuru,165,3958,24,2341,1577,0,40,0
2020-08-11,Raichuru,201,4159,49,2390,1727,2,42,0
2020-08-12,Raichuru,191,4350,69,2459,1845,4,46,0
2020-08-13,Raichuru,181,4531,373,2832,1650,3,49,0
2020-08-14,Raichuru,220,4751,119,2951,1749,2,51,0
2020-08-15,Raichuru,155,4906,109,3060,1792,3,54,0
2020-08-16,Raichuru,183,5089,71,3131,1901,3,57,0
2020-08-17,Raichuru,110,5199,142,3273,1866,3,60,0
2020-08-18,Raichuru,171,5370,143,3416,1890,4,64,0
2020-08-19,Raichuru,153,5523,159,3575,1882,2,66,0
2020-08-20,Raichuru,111,5634,290,3865,1701,2,68,0
2020-08-21,Raichuru,100,5734,292,4157,1506,3,71,0
2020-08-22,Raichuru,52,5786,200,4357,1355,3,74,0
2020-08-23,Raichuru,81,5867,171,4528,1263,2,76,0
2020-08-24,Raichuru,183,6050,113,4641,1331,2,78,0
2020-08-25,Raichuru,88,6138,180,4821,1239,0,78,0
2020-08-26,Raichuru,136,6274,92,4913,1281,2,80,0
2020-08-27,Raichuru,239,6513,79,4992,1440,1,81,0
2020-08-28,Raichuru,178,6691,227,5219,1390,1,82,0
2020-08-29,Raichuru,186,6877,116,5335,1458,2,84,0
2020-08-30,Raichuru,147,7024,134,5469,1469,2,86,0
2020-08-31,Raichuru,140,7164,194,5663,1413,2,88,0
2020-09-01,Raichuru,245,7409,82,5745,1573,3,91,0
2020-09-02,Raichuru,232,7641,147,5892,1655,3,94,0
2020-09-03,Raichuru,161,7802,115,6007,1698,3,97,0
2020-09-04,Raichuru,169,7971,121,6128,1743,3,100,0
2020-09-06,Raichuru,187,8344,187,6434,1805,2,105,0
2020-09-07,Raichuru,22,8366,150,6581,1678,2,107,0
2020-09-08,Raichuru,209,8575,154,6735,1731,2,109,0
2020-09-09,Raichuru,214,8789,176,6911,1766,3,112,0
2020-09-10,Raichuru,107,8896,237,7148,1633,3,115,0
2020-09-11,Raichuru,200,9096,206,7354,1625,2,117,0
2020-09-12,Raichuru,131,9227,191,7545,1563,2,119,0
2020-09-13,Raichuru,190,9417,136,7681,1615,2,121,0
2020-09-14,Raichuru,51,9468,135,7816,1528,3,124,0
2020-09-15,Raichuru,160,9628,145,7961,1540,3,127,0
2020-09-16,Raichuru,193,9821,171,8132,1562,0,127,0
2020-09-17,Raichuru,227,10048,0,8132,1789,0,127,0
2020-09-18,Raichuru,116,10164,186,8318,1718,1,128,0
2020-09-19,Raichuru,156,10320,139,8457,1734,1,129,0
2020-09-20,Raichuru,132,10452,107,8564,1758,1,130,0
2020-09-21,Raichuru,60,10512,166,8730,1650,2,132,0
2020-09-22,Raichuru,115,10627,107,8837,1657,1,133,0
2020-09-23,Raichuru,37,10664,0,8837,1694,0,133,0
2020-09-24,Raichuru,52,10716,0,8837,1746,0,133,0
2020-09-25,Raichuru,113,10829,155,8992,1704,0,133,0
2020-09-26,Raichuru,92,10921,100,9092,1696,0,133,0
2020-09-27,Raichuru,102,11023,133,9225,1664,1,134,0
2020-09-28,Raichuru,52,11075,194,9419,1521,1,135,0
2020-09-29,Raichuru,100,11175,172,9591,1449,0,135,0
2020-09-30,Raichuru,93,11268,96,9687,1446,0,135,0
2020-10-01,Raichuru,79,11347,54,9741,1470,1,136,0
2020-10-02,Raichuru,193,11540,110,9851,1553,0,136,0
2020-10-03,Raichuru,199,11739,176,10027,1575,1,137,0
2020-10-04,Raichuru,124,11863,194,10221,1505,0,137,0
2020-10-05,Raichuru,121,11984,142,10363,1483,1,138,0
2020-10-06,Raichuru,107,12091,151,10514,1438,1,139,0
2020-10-07,Raichuru,129,12220,236,10750,1331,0,139,0
2020-10-08,Raichuru,111,12331,219,10969,1222,1,140,0
2020-10-09,Raichuru,73,12404,152,11121,1142,1,141,0
2020-10-10,Raichuru,93,12497,130,11251,1104,1,142,0
2020-10-11,Raichuru,62,12559,136,11387,1030,0,142,0
2020-10-12,Raichuru,43,12602,99,11486,974,0,142,0
2020-10-13,Raichuru,36,12638,141,11627,869,0,142,0
2020-10-14,Raichuru,44,12682,145,11772,767,1,143,0
2020-10-15,Raichuru,59,12741,68,11840,757,1,144,0
2020-10-16,Raichuru,38,12779,97,11937,698,0,144,0
2020-10-17,Raichuru,54,12833,131,12068,620,1,145,0
2020-10-18,Raichuru,44,12877,94,12162,570,0,145,0
2020-10-19,Raichuru,38,12915,71,12233,537,0,145,0
2020-10-20,Raichuru,25,12940,90,12323,471,1,146,0
2020-10-21,Raichuru,33,12973,60,12383,444,0,146,0
2020-10-22,Raichuru,31,13004,60,12443,415,0,146,0
2020-10-24,Raichuru,25,13099,50,12530,422,0,147,0
2020-10-25,Raichuru,30,13129,61,12591,391,0,147,0
2020-10-26,Raichuru,37,13166,34,12625,394,0,147,0
2020-10-27,Raichuru,22,13188,43,12668,372,1,148,0
2020-10-28,Raichuru,31,13219,55,12723,347,1,149,0
2020-10-29,Raichuru,20,13239,41,12764,326,0,149,0
2020-10-30,Raichuru,9,13248,28,12792,307,0,149,0
2020-10-31,Raichuru,16,13264,28,12820,295,0,149,0
2020-12-01,Raichuru,17,13817,4,13441,220,0,156,0
2020-12-02,Raichuru,25,13842,27,13468,218,0,156,0
2020-12-03,Raichuru,27,13869,19,13487,226,0,156,0
2020-12-04,Raichuru,14,13883,32,13519,207,1,157,0
2020-12-05,Raichuru,29,13912,22,13541,214,0,157,0
2020-12-06,Raichuru,23,13935,5,13546,232,0,157,0
2020-12-07,Raichuru,5,13940,23,13569,214,0,157,0
2020-12-08,Raichuru,25,13965,31,13600,208,0,157,0
2020-12-09,Raichuru,9,13974,13,13613,204,0,157,0
2020-12-10,Raichuru,10,13984,11,13624,203,0,157,0
2020-12-11,Raichuru,16,14000,15,13639,204,0,157,0
2020-12-12,Raichuru,5,14005,23,13662,186,0,157,0
2020-12-13,Raichuru,29,14034,24,13686,191,0,157,0
2020-12-14,Raichuru,6,14040,11,13697,186,0,157,0
2020-12-15,Raichuru,15,14055,44,13741,157,0,157,0
2020-12-16,Raichuru,11,14066,24,13765,144,0,157,0
2020-12-17,Raichuru,6,14072,16,13781,133,1,158,0
2020-12-18,Raichuru,10,14082,26,13807,117,0,158,0
2020-12-19,Raichuru,14,14096,9,13816,122,0,158,0
2020-12-20,Raichuru,7,14103,7,13823,122,0,158,0
2020-12-21,Raichuru,4,14107,13,13836,113,0,158,0
2020-12-22,Raichuru,9,14116,5,13841,117,0,158,0
2020-12-23,Raichuru,7,14123,27,13868,97,0,158,0
2020-12-24,Raichuru,14,14137,9,13877,102,0,158,0
2020-12-25,Raichuru,4,14141,14,13891,92,0,158,0
2020-12-26,Raichuru,2,14143,9,13900,85,0,158,0
2020-12-27,Raichuru,5,14148,5,13905,85,0,158,0
2020-12-28,Raichuru,5,14153,9,13914,81,0,158,0
2020-12-29,Raichuru,1,14154,16,13930,66,0,158,0
2020-12-30,Raichuru,3,14157,5,13935,64,0,158,0
2020-12-31,Raichuru,0,14157,3,13938,61,0,158,0
2021-01-01,Raichuru,3,14160,15,13953,49,0,158,0
2021-01-02,Raichuru,5,14165,6,13959,48,0,158,0
2021-01-03,Raichuru,0,14165,14,13973,34,0,158,0
2021-01-04,Raichuru,8,14173,4,13977,38,0,158,0
2021-01-05,Raichuru,5,14178,2,13979,41,0,158,0
2021-01-06,Raichuru,5,14183,6,13985,40,0,158,0
2021-01-07,Raichuru,2,14185,3,13988,39,0,158,0
2021-01-08,Raichuru,7,14192,1,13989,45,0,158,0
2021-01-09,Raichuru,15,14207,2,13991,58,0,158,0
2021-01-10,Raichuru,7,14214,0,13991,65,0,158,0
2021-01-11,Raichuru,5,14219,7,13998,63,0,158,0
2021-01-12,Raichuru,7,14226,5,14003,65,0,158,0
2021-01-13,Raichuru,4,14230,0,14003,69,0,158,0
2021-01-14,Raichuru,3,14233,13,14016,59,0,158,0
2021-01-15,Raichuru,1,14234,5,14021,55,0,158,0
2021-01-16,Raichuru,3,14237,5,14026,53,0,158,0
2021-01-17,Raichuru,3,14240,2,14028,54,0,158,0
2021-01-18,Raichuru,5,14245,4,14032,55,0,158,0
2021-01-19,Raichuru,7,14252,17,14049,45,0,158,0
2021-01-20,Raichuru,1,14253,5,14054,41,0,158,0
2021-01-21,Raichuru,1,14254,3,14057,39,0,158,0
2021-01-22,Raichuru,0,14254,7,14064,32,0,158,0
2021-01-23,Raichuru,1,14255,2,14066,31,0,158,0
2021-01-24,Raichuru,1,14256,3,14069,29,0,158,0
2021-01-25,Raichuru,6,14262,6,14075,29,0,158,0
2021-01-26,Raichuru,2,14264,2,14077,29,0,158,0
2021-01-27,Raichuru,1,14265,3,14080,27,0,158,0
2021-01-28,Raichuru,0,14265,5,14085,22,0,158,0
2021-01-29,Raichuru,2,14267,7,14092,17,0,158,0
2021-01-30,Raichuru,0,14267,1,14093,16,0,158,0
2021-01-31,Raichuru,2,14269,1,14094,17,0,158,0
2021-02-01,Raichuru,1,14270,0,14094,18,0,158,0
2021-02-02,Raichuru,2,14272,1,14095,19,0,158,0
2021-02-03,Raichuru,1,14273,3,14098,17,0,158,0
2021-02-04,Raichuru,4,14277,4,14102,17,0,158,0
2021-02-05,Raichuru,0,14277,2,14104,15,0,158,0
2021-02-06,Raichuru,2,14279,0,14104,17,0,158,0
2021-02-07,Raichuru,1,14280,1,14105,17,0,158,0
2021-02-08,Raichuru,1,14281,1,14106,17,0,158,0
2021-02-09,Raichuru,0,14281,0,14106,17,0,158,0
2021-02-10,Raichuru,1,14282,1,14107,17,0,158,0
2021-02-11,Raichuru,1,14283,1,14108,17,0,158,0
2021-02-12,Raichuru,1,14284,1,14109,17,0,158,0
2021-02-13,Raichuru,1,14285,1,14110,17,0,158,0
2021-02-14,Raichuru,3,14288,4,14114,16,0,158,0
2021-02-15,Raichuru,2,14290,0,14114,18,0,158,0
2021-02-16,Raichuru,0,14290,2,14116,16,0,158,0
2021-02-17,Raichuru,1,14291,1,14117,16,0,158,0
2021-02-18,Raichuru,2,14293,1,14118,17,0,158,0
2021-02-19,Raichuru,1,14294,0,14118,18,0,158,0
2021-02-20,Raichuru,0,14294,1,14119,17,0,158,0
2021-02-21,Raichuru,1,14295,0,14119,18,0,158,0
2021-02-22,Raichuru,0,14295,1,14120,17,0,158,0
2021-02-23,Raichuru,0,14295,4,14124,13,0,158,0
2021-02-24,Raichuru,2,14297,3,14127,12,0,158,0
2021-02-25,Raichuru,2,14299,2,14129,12,0,158,0
2021-02-26,Raichuru,0,14299,0,14129,12,0,158,0
2021-02-27,Raichuru,0,14299,1,14130,11,0,158,0
2021-02-28,Raichuru,4,14303,3,14133,12,0,158,0
2021-03-01,Raichuru,0,14303,1,14134,11,0,158,0
2021-03-02,Raichuru,2,14305,0,14134,13,0,158,0
2021-03-03,Raichuru,6,14311,1,14135,18,0,158,0
2021-03-04,Raichuru,3,14314,1,14136,20,0,158,0
2021-03-05,Raichuru,3,14317,1,14137,22,0,158,0
2021-03-06,Raichuru,0,14317,2,14139,20,0,158,0
2021-03-07,Raichuru,1,14318,1,14140,20,0,158,0
2021-03-08,Raichuru,1,14319,0,14140,21,0,158,0
2021-03-09,Raichuru,1,14320,0,14140,22,0,158,0
2021-03-10,Raichuru,1,14321,4,14144,19,0,158,0
2021-03-11,Raichuru,3,14324,0,14144,22,0,158,0
2021-03-12,Raichuru,1,14325,2,14146,21,0,158,0
2021-03-13,Raichuru,1,14326,6,14152,16,0,158,0
2021-03-14,Raichuru,2,14328,3,14155,15,0,158,0
2021-03-15,Raichuru,2,14330,3,14158,14,0,158,0
2021-03-16,Raichuru,7,14337,1,14159,20,0,158,0
2021-03-17,Raichuru,4,14341,1,14160,23,0,158,0
2021-03-18,Raichuru,6,14347,1,14161,28,0,158,0
2021-03-19,Raichuru,1,14348,1,14162,28,0,158,0
2021-03-20,Raichuru,6,14354,1,14163,33,0,158,0
2021-03-21,Raichuru,6,14360,3,14166,36,0,158,0
2021-03-22,Raichuru,5,14365,1,14167,40,0,158,0
2021-03-23,Raichuru,14,14379,1,14168,53,0,158,0
2021-03-24,Raichuru,12,14391,2,14170,63,0,158,0
2021-03-25,Raichuru,12,14403,2,14172,73,0,158,0
2021-03-26,Raichuru,12,14415,6,14178,79,0,158,0
2021-03-27,Raichuru,10,14425,3,14181,86,0,158,0
2021-03-28,Raichuru,13,14438,6,14187,93,0,158,0
2021-03-29,Raichuru,7,14445,1,14188,99,0,158,0
2021-03-30,Raichuru,12,14457,6,14194,105,0,158,0
2021-03-31,Raichuru,22,14479,5,14199,122,0,158,0
2021-04-01,Raichuru,21,14500,5,14204,138,0,158,0
2021-04-02,Raichuru,27,14527,12,14216,153,0,158,0
2021-04-03,Raichuru,19,14546,12,14228,160,0,158,0
2021-04-04,Raichuru,23,14569,12,14240,171,0,158,0
2021-04-05,Raichuru,17,14586,12,14252,176,0,158,0
2021-04-06,Raichuru,29,14615,9,14261,196,0,158,0
2021-04-07,Raichuru,28,14643,13,14274,211,0,158,0
2021-04-08,Raichuru,40,14683,7,14281,244,0,158,0
2021-04-09,Raichuru,30,14713,12,14293,262,0,158,0
2021-04-10,Raichuru,30,14743,22,14315,270,0,158,0
2021-04-11,Raichuru,103,14846,21,14336,352,0,158,0
2021-04-12,Raichuru,70,14916,34,14370,388,0,158,0
2021-04-13,Raichuru,80,14996,19,14389,449,0,158,0
2021-04-14,Raichuru,65,15061,23,14412,491,0,158,0
2021-04-15,Raichuru,48,15109,13,14425,526,0,158,0
2021-04-16,Raichuru,108,15217,29,14454,605,0,158,0
2021-04-17,Raichuru,91,15308,24,14478,672,0,158,0
2021-04-18,Raichuru,133,15441,38,14516,767,0,158,0
2021-04-19,Raichuru,228,15669,21,14537,974,0,158,0
2021-04-20,Raichuru,243,15912,21,14558,1195,1,159,0
2021-04-21,Raichuru,220,16132,88,14646,1326,1,160,0
2021-04-22,Raichuru,433,16565,65,14711,1694,0,160,0
2021-04-23,Raichuru,428,16993,73,14784,2049,0,160,0
2021-04-24,Raichuru,497,17490,65,14849,2479,2,162,0
2021-04-25,Raichuru,643,18133,50,14899,3071,1,163,0
2021-04-26,Raichuru,609,18742,104,15003,3575,1,164,0
2021-04-27,Raichuru,736,19478,85,15088,4225,1,165,0
2021-04-28,Raichuru,511,19989,121,15209,4614,1,166,0
2021-04-29,Raichuru,628,20617,191,15400,5051,0,166,0
2021-04-30,Raichuru,733,21350,199,15599,5585,0,166,0
2021-05-01,Raichuru,601,21951,210,15809,5974,2,168,0
2021-05-02,Raichuru,445,22396,364,16173,6053,2,170,0
2021-05-03,Raichuru,529,22925,373,16546,6207,2,172,0
2021-05-04,Raichuru,817,23742,448,16994,6574,2,174,0
2021-05-05,Raichuru,427,24169,565,17559,6433,3,177,0
2021-05-06,Raichuru,819,24988,578,18137,6671,3,180,0
2021-05-07,Raichuru,762,25750,508,18645,6921,4,184,0
2021-05-08,Raichuru,894,26644,558,19203,7253,4,188,0
2021-05-09,Raichuru,702,27346,668,19871,7282,5,193,0
2021-05-10,Raichuru,582,27928,527,20398,7334,3,196,0
2021-05-11,Raichuru,763,28691,778,21176,7316,3,199,0
2021-05-12,Raichuru,289,28980,254,21430,7348,3,202,0
2021-05-13,Raichuru,170,29150,464,21894,7050,4,206,0
2021-05-14,Raichuru,1063,30213,643,22537,7467,3,209,0
2021-05-15,Raichuru,467,30680,277,22814,7653,4,213,0
2021-05-16,Raichuru,464,31144,935,23749,7178,4,217,0
2021-05-17,Raichuru,562,31706,529,24278,7207,4,221,0
2021-05-18,Raichuru,493,32199,678,24956,7019,3,224,0
2021-05-19,Raichuru,469,32668,563,25519,6922,3,227,0
2021-05-20,Raichuru,633,33301,598,26117,6953,4,231,0
2021-05-21,Raichuru,558,33859,946,27063,6561,4,235,0
2021-05-22,Raichuru,584,34443,654,27717,6487,4,239,0
2021-05-23,Raichuru,540,34983,980,28697,6044,3,242,0
2021-05-24,Raichuru,753,35736,747,29444,6046,4,246,0
2021-05-25,Raichuru,430,36166,674,30118,5799,3,249,0
2021-05-26,Raichuru,265,36431,506,30624,5554,4,253,0
2021-05-27,Raichuru,445,36876,376,31000,5620,3,256,0
2021-05-28,Raichuru,365,37241,471,31471,5510,4,260,0
2021-05-29,Raichuru,340,37581,472,31943,5374,4,264,0
2021-05-30,Raichuru,278,37859,674,32617,4975,3,267,0
2021-05-31,Raichuru,192,38051,590,33207,4573,4,271,0
2021-06-01,Raichuru,133,38184,535,33742,4168,3,274,0
2021-06-02,Raichuru,249,38433,550,34292,3864,3,277,0
2021-06-03,Raichuru,271,38704,636,34928,3495,4,281,0
2021-06-04,Raichuru,184,38888,321,35249,3354,4,285,0
2021-06-05,Raichuru,110,38998,216,35465,3244,4,289,0
2021-06-06,Raichuru,104,39102,195,35660,3151,2,291,0
2021-06-07,Raichuru,64,39166,442,36102,2770,3,294,0
2021-06-08,Raichuru,56,39222,684,36786,2142,0,294,0
2021-06-09,Raichuru,20,39242,415,37201,1745,2,296,0
2021-06-10,Raichuru,115,39357,339,37540,1518,3,299,0
2021-06-11,Raichuru,61,39418,190,37730,1387,2,301,0
2021-06-12,Raichuru,59,39477,350,38080,1096,0,301,0
2021-06-13,Raichuru,30,39507,265,38345,859,2,303,0
2021-06-14,Raichuru,33,39540,156,38501,734,2,305,0
2021-06-15,Raichuru,5,39545,88,38589,650,1,306,0
2021-06-16,Raichuru,22,39567,138,38727,534,0,306,0
2021-06-17,Raichuru,16,39583,59,38786,489,2,308,0
2021-06-18,Raichuru,15,39598,48,38834,454,2,310,0
2021-06-19,Raichuru,16,39614,29,38863,439,2,312,0
2021-06-20,Raichuru,19,39633,119,38982,338,1,313,0
2021-06-21,Raichuru,20,39653,41,39023,315,2,315,0
2021-06-22,Raichuru,15,39668,23,39046,306,1,316,0
2021-06-23,Raichuru,21,39689,46,39092,281,0,316,0
2021-06-24,Raichuru,16,39705,117,39209,180,0,316,0
2021-06-25,Raichuru,14,39719,23,39232,169,2,318,0
2021-06-26,Raichuru,19,39738,7,39239,180,1,319,0
2021-06-27,Raichuru,19,39757,19,39258,179,1,320,0
